SIMULATION DUMP; Time: 0.650392, Springs: 481, Masses: 175
Start Length: 48.3257, Start Energy: 0
Current Length: 9.1996, Current Energy: 0
Mass 0 (0.00153206, -0.004834, -0.0074015) (0, 0, 0) 0.0561562 F
Mass 1 (-0.220052, 0.0526928, -0.00308528) (20, -20, 0) 0.0669767 
Mass 2 (0.0027733, -0.0248791, 0.00991715) (0, 0, 0) 0 
Mass 3 (-0.21493, 0.0488677, 0.00557669) (0, 0, 0) 0 
Mass 4 (0.00276242, 0.0271351, -0.00329339) (0, 0, 0) 0 
Mass 5 (-0.210675, 0.0505792, -0.00620076) (0, 0, 0) 0.0447544 
Mass 6 (0.00339641, -0.0255749, -0.00772641) (0, 0, 0) 0 
Mass 7 (-0.210028, 0.0410785, -0.00182293) (0, 0, 0) 0.045842 
Mass 8 (0.00361513, 0.0139072, 0.0159012) (0, 0, 0) 0.0168992 
Mass 9 (-0.201133, 0.0345067, -0.000930009) (0, 0, 0) 0.0433221 
Mass 10 (0.00374922, -0.0134923, 0.0146608) (0, 0, 0) 0 
Mass 11 (-0.203132, 0.0485439, 0.000353528) (0, 0, 0) 0.050465 
Mass 12 (0.00254296, 0.0225715, -0.0127567) (0, 0, 0) 0 
Mass 13 (-0.197166, 0.0417606, 0.00583458) (0, 0, 0) 0 
Mass 14 (0.0014794, -0.0153108, -0.0156238) (0, 0, 0) 0 
Mass 15 (-0.183605, 0.022505, -0.00185748) (0, 0, 0) 0.0337983 
Mass 16 (0.00129798, 0.0239976, 0.0121633) (0, 0, 0) 0 
Mass 17 (-0.188364, 0.0498406, -0.00327852) (0, 0, 0) 0.02531 
Mass 18 (0.00382981, -0.0154114, 0.00198296) (0, 0, 0) 0.008155 
Mass 19 (-0.00900292, -0.0243645, -0.00810931) (0, 0, 0) 0.0184918 
Mass 20 (-0.190674, 0.0309434, 0.00371284) (0, 0, 0) 0.0316375 
Mass 21 (0.00283623, 0.010451, -0.0144151) (0, 0, 0) 0 
Mass 22 (-0.190069, 0.0388528, -0.00541568) (0, 0, 0) 0.041719 
Mass 23 (-0.00680168, -0.0216764, 0.00916109) (0, 0, 0) 0 
Mass 24 (-0.186663, 0.0434158, 0.00556979) (0, 0, 0) 0.0178796 
Mass 25 (0.00272942, 0.0181707, 0.00298503) (0, 0, 0) 0.0127325 
Mass 26 (-0.170878, 0.0156037, 0.00550009) (0, 0, 0) 0.0472092 
Mass 27 (0.000250772, -0.00216485, 0.0149966) (0, 0, 0) 0 
Mass 28 (-0.175427, 0.0471692, 0.00377077) (0, 0, 0) 0.0189825 
Mass 29 (0.0037207, 0.00502105, -0.00107517) (0, 0, 0) 0.0608475 F
Mass 30 (-0.182325, 0.0327156, -0.00243565) (0, 0, 0) 0 
Mass 31 (0.00299788, -0.00300564, 0.00538836) (0, 0, 0) 0.06405 F
Mass 32 (-0.16871, 0.017602, -0.00561442) (0, 0, 0) 0.0394314 
Mass 33 (-0.0024747, 0.000801016, -0.0146767) (0, 0, 0) 0.0136433 
Mass 34 (-0.174921, 0.0404592, -0.00450278) (0, 0, 0) 0.0373846 
Mass 35 (-0.00668612, 0.0245331, 0.00534761) (0, 0, 0) 0.01631 
Mass 36 (-0.161275, 0.0113737, 0.0061225) (0, 0, 0) 0.0442925 
Mass 37 (-0.0235692, -0.0226549, 0.00808418) (0, 0, 0) 0 
Mass 38 (-0.165233, 0.0446392, -0.00429306) (0, 0, 0) 0.0320439 
Mass 39 (-0.0129935, -0.0148834, -0.0136713) (0, 0, 0) 0.0302496 
Mass 40 (-0.174038, 0.0350752, 0.00485359) (0, 0, 0) 0.030465 
Mass 41 (-0.00428486, 0.0186208, -0.00450558) (0, 0, 0) 0.0132132 
Mass 42 (-0.170977, 0.0306818, -0.00500839) (0, 0, 0) 0.0184918 
Mass 43 (-0.00785373, -0.0107779, 0.0111448) (0, 0, 0) 0.019215 
Mass 44 (-0.144478, 0.0015944, 0.00107923) (0, 0, 0) 0.041719 
Mass 45 (-0.0017695, 0.00547284, 0.00790905) (0, 0, 0) 0.0586929 F
Mass 46 (-0.157403, 0.0419631, 0.00552007) (0, 0, 0) 0.05062 
Mass 47 (-0.0245267, -0.0216317, -0.00988307) (0, 0, 0) 0.0313892 
Mass 48 (-0.167204, 0.0271504, 0.00360682) (0, 0, 0) 0.025465 
Mass 49 (-0.00916354, 0.015697, -0.0132408) (0, 0, 0) 0.031732 
Mass 50 (-0.0130748, -0.0189897, 0.000670532) (0, 0, 0) 0.0234771 
Mass 51 (-0.153621, 0.00870874, -0.00549583) (0, 0, 0) 0.0506975 
Mass 52 (-0.00537226, 0.0149025, 0.00881699) (0, 0, 0) 0.0160125 
Mass 53 (-0.15289, 0.0415727, -0.00492513) (0, 0, 0) 0.041719 
Mass 54 (-0.0174498, -0.0156485, 0.0132458) (0, 0, 0) 0.0352578 
Mass 55 (-0.16106, 0.0335949, -0.00437035) (0, 0, 0) 0.0277377 
Mass 56 (-0.0125148, 0.0243719, -0.00528346) (0, 0, 0) 0.0238758 
Mass 57 (-0.148777, 0.0085387, 0.00697613) (0, 0, 0) 0.0355425 
Mass 58 (-0.00788878, -0.0100172, -0.00497533) (0, 0, 0) 0.0162545 
Mass 59 (-0.156263, 0.0247105, 0.00490654) (0, 0, 0) 0.03262 
Mass 60 (-0.0347111, -0.0217062, 0.00533889) (0, 0, 0) 0.026552 
Mass 61 (-0.144317, 0.0403606, 0.000284217) (0, 0, 0) 0.0480659 
Mass 62 (-0.00680256, -0.00208299, 0.00133044) (0, 0, 0) 0.0183978 
Mass 63 (-0.126655, -0.00477703, -0.000301205) (0, 0, 0) 0.0338758 
Mass 64 (-0.0159056, 0.0213356, 0.00785207) (0, 0, 0) 0.0238758 
Mass 65 (-0.14916, 0.0230553, -0.00539687) (0, 0, 0) 0.0285425 
Mass 66 (-0.0125767, -0.00294951, -0.0122093) (0, 0, 0) 0.0222416 
Mass 67 (-0.134281, 0.00237127, -0.00416257) (0, 0, 0) 0.0355425 
Mass 68 (-0.00730059, 0.00766269, -0.00300775) (0, 0, 0) 0.0221261 
Mass 69 (-0.135707, 0.0373139, 0.00551679) (0, 0, 0) 0.0387152 
Mass 70 (-0.0390319, -0.0192858, -0.0101548) (0, 0, 0) 0.0274656 
Mass 71 (-0.14461, 0.0294078, 0.00514609) (0, 0, 0) 0.024465 
Mass 72 (-0.0142694, 0.000786899, 0.0117428) (0, 0, 0) 0.0172092 
Mass 73 (-0.141431, 0.0321069, -0.00469017) (0, 0, 0) 0.0323607 
Mass 74 (-0.0234264, -0.0161988, -0.00116681) (0, 0, 0) 0.0176079 
Mass 75 (-0.143604, 0.0142427, -0.000608502) (0, 0, 0) 0.0156946 
Mass 76 (-0.0253313, 0.0236027, -0.00654125) (0, 0, 0) 0.0211547 
Mass 77 (-0.116869, -0.00528336, 0.00735444) (0, 0, 0) 0.0193576 
Mass 78 (-0.029548, -0.014181, 0.0119194) (0, 0, 0) 0.0145957 
Mass 79 (-0.127634, 0.0357899, -0.00632394) (0, 0, 0) 0.0267033 
Mass 80 (-0.0172924, 0.00668401, -0.0112821) (0, 0, 0) 0.0201322 
Mass 81 (-0.117987, -0.0046542, -0.00655783) (0, 0, 0) 0.0277377 
Mass 82 (-0.0146312, 0.00885029, 0.00515477) (0, 0, 0) 0.0198464 
Mass 83 (-0.128474, 0.00286563, 0.0066911) (0, 0, 0) 0.0354026 
Mass 84 (-0.0497867, -0.0211799, 0.00277647) (0, 0, 0) 0.0196183 
Mass 85 (-0.138014, 0.0234202, -0.00105457) (0, 0, 0) 0 
Mass 86 (-0.0247059, 0.0157241, -0.0130111) (0, 0, 0) 0 
Mass 87 (-0.126393, 0.0313649, 0.0085124) (0, 0, 0) 0.0369836 
Mass 88 (-0.0211881, -0.00802285, 0.00728422) (0, 0, 0) 0.0201322 
Mass 89 (-0.134601, 0.0140722, -0.00595973) (0, 0, 0) 0.0302496 
Mass 90 (-0.029646, 0.0241961, 0.00501252) (0, 0, 0) 0.019215 
Mass 91 (-0.109895, -0.00945142, -0.00031372) (0, 0, 0) 0.0387152 
Mass 92 (-0.0276527, -0.010945, -0.0104624) (0, 0, 0) 0.0120747 
Mass 93 (-0.133072, 0.017383, 0.00596911) (0, 0, 0) 0.0176289 
Mass 94 (-0.021097, 0.015697, -0.00202539) (0, 0, 0) 0.0128875 
Mass 95 (-0.118972, 0.0341644, 0.00131911) (0, 0, 0) 0.0387152 
Mass 96 (-0.0485509, -0.015614, -0.0121132) (0, 0, 0) 0.0313892 
Mass 97 (-0.0249992, 0.0138952, 0.00839679) (0, 0, 0) 0.00812724 
Mass 98 (-0.0991038, -0.0103124, -0.00631473) (0, 0, 0) 0.0339533 
Mass 99 (-0.0641627, -0.0187935, -0.00478899) (0, 0, 0) 0.0253875 
Mass 100 (-0.11146, 0.0316563, -0.00734599) (0, 0, 0) 0.0152325 
Mass 101 (-0.0204594, -0.00150435, -0.00136869) (0, 0, 0) 0.0163063 
Mass 102 (-0.126138, 0.0218863, -0.000752516) (0, 0, 0) 0.0136433 
Mass 103 (-0.0236209, 0.00170126, 0.00780004) (0, 0, 0) 0.00900565 
Mass 104 (-0.122535, 0.00459171, -0.00145991) (0, 0, 0) 0.0226872 
Mass 105 (-0.0348994, 0.0174629, -0.0129111) (0, 0, 0) 0.0102325 
Mass 106 (-0.107887, -0.00510639, -0.00917273) (0, 0, 0) 0.0212208 
Mass 107 (-0.0358992, 0.0174442, 0.0123937) (0, 0, 0) 0.0218936 
Mass 108 (-0.0926437, -0.0127018, 0.00531531) (0, 0, 0) 0.026552 
Mass 109 (-0.109081, 0.0315501, 0.00247163) (0, 0, 0) 0.0323607 
Mass 110 (-0.0404565, -0.0137212, 0.00846211) (0, 0, 0) 0.020465 
Mass 111 (-0.0378174, 0.0243424, -0.00248718) (0, 0, 0) 0.0145957 
Mass 112 (-0.122129, 0.0133764, 0.00432) (0, 0, 0) 0 
Mass 113 (-0.083015, -0.0157635, 0.0027217) (0, 0, 0) 0.00967881 
Mass 114 (-0.0292201, 0.00462458, -0.010362) (0, 0, 0) 0.0144185 
Mass 115 (-0.118589, 0.0187404, -0.00684192) (0, 0, 0) 0.0272867 
Mass 116 (-0.0637933, -0.0169456, 0.0072345) (0, 0, 0) 0.02031 
Mass 117 (-0.0379167, -0.00793262, -0.0109845) (0, 0, 0) 0.0181121 
Mass 118 (-0.100586, 0.0286959, 0.00775873) (0, 0, 0) 0.0462295 
Mass 119 (-0.0892815, -0.0127975, -0.00755802) (0, 0, 0) 0.0253875 
Mass 120 (-0.0342621, -0.00256925, 0.0112671) (0, 0, 0) 0.0228422 
Mass 121 (-0.113173, 0.0219763, 0.00593102) (0, 0, 0) 0.0218936 
Mass 122 (-0.0344315, -0.00992103, -0.00169245) (0, 0, 0) 0.015465 
Mass 123 (-0.0959173, 0.0300447, -0.00597692) (0, 0, 0) 0.0369836 
Mass 124 (-0.0533416, -0.014259, 0.0100298) (0, 0, 0) 0.0353129 
Mass 125 (-0.0477685, 0.025254, 0.00015451) (0, 0, 0) 0.0226872 
Mass 126 (-0.112148, 0.00293053, 0.00112483) (0, 0, 0) 0.0141031 
Mass 127 (-0.0335282, 0.0151152, 0.00142142) (0, 0, 0) 0 
Mass 128 (-0.10085, -0.00473041, 0.00884971) (0, 0, 0) 0.0235419 
Mass 129 (-0.1116, 0.010965, 0.00717206) (0, 0, 0) 0.015539 
Mass 130 (-0.0505333, 0.0220011, -0.00911153) (0, 0, 0) 0.0196183 
Mass 131 (-0.0775453, -0.0142588, -0.00623369) (0, 0, 0) 0.0355425 
Mass 132 (-0.107181, 0.0218735, -0.0044874) (0, 0, 0) 0.0272867 
Mass 133 (-0.0346152, 0.000566732, -0.00155059) (0, 0, 0) 0 
Mass 134 (-0.049273, 0.018313, 0.0112209) (0, 0, 0) 0.0392365 
Mass 135 (-0.0584345, -0.0106686, -0.0119075) (0, 0, 0) 0.0285425 
Mass 136 (-0.0873626, 0.0280916, 0.00518018) (0, 0, 0) 0.0354026 
Mass 137 (-0.0858179, 0.0279249, -0.00612439) (0, 0, 0) 0.024197 
Mass 138 (-0.0780386, -0.0108146, 0.00991068) (0, 0, 0) 0.0323607 
Mass 139 (-0.0574908, 0.0258868, 0.00320183) (0, 0, 0) 0.0196183 
Mass 140 (-0.104762, 0.00842331, -0.00749285) (0, 0, 0) 0.0241494 
Mass 141 (-0.0442551, 0.0142028, -0.00993021) (0, 0, 0) 0.01281 
Mass 142 (-0.0405074, 0.0088434, 0.00792637) (0, 0, 0) 0.0158496 
Mass 143 (-0.0567597, -0.0127256, -0.00118648) (0, 0, 0) 0.0282062 
Mass 144 (-0.101198, 0.0130552, 0.00807047) (0, 0, 0) 0.0176079 
Mass 145 (-0.0643975, 0.0244416, -0.0088388) (0, 0, 0) 0.024465 
Mass 146 (-0.099492, 6.90278e-05, -0.00335713) (0, 0, 0) 0.019215 
Mass 147 (-0.042665, -0.00385891, 0.0045623) (0, 0, 0) 0 
Mass 148 (-0.0744043, 0.0266709, -0.00514785) (0, 0, 0) 0.0398279 
Mass 149 (-0.09741, 0.017683, -0.00760339) (0, 0, 0) 0.02562 
Mass 150 (-0.0767466, 0.0236855, 0.0100396) (0, 0, 0) 0.0381975 
Mass 151 (-0.0495319, -0.0056127, -0.00565293) (0, 0, 0) 0.0120747 
Mass 152 (-0.0433155, 0.00475307, -0.0062025) (0, 0, 0) 0 
Mass 153 (-0.0948616, 0.00358137, 0.00748649) (0, 0, 0) 0.0181121 
Mass 154 (-0.0689965, -0.0102279, 0.0019471) (0, 0, 0) 0.018906 
Mass 155 (-0.0612324, 0.017991, 0.0112513) (0, 0, 0) 0.011771 
Mass 156 (-0.0909367, 0.0186468, 0.00669706) (0, 0, 0) 0.0328404 
Mass 157 (-0.0915318, 0.00564042, -0.00847135) (0, 0, 0) 0.0211307 
Mass 158 (-0.0589218, -0.00444509, 0.00878174) (0, 0, 0) 0.019215 
Mass 159 (-0.0504099, 0.0155084, 0.00120008) (0, 0, 0) 0 
Mass 160 (-0.0547334, 0.0117036, -0.0103666) (0, 0, 0) 0 
Mass 161 (-0.0896648, -0.00077484, 2.85916e-05) (0, 0, 0) 0 
Mass 162 (-0.0809769, 0.0185979, -0.00948257) (0, 0, 0) 0.0170542 
Mass 163 (-0.0502645, 0.00591899, 0.00541518) (0, 0, 0) 0.00983381 
Mass 164 (-0.0731992, -0.00504958, -0.0055916) (0, 0, 0) 0.0288225 
Mass 165 (-0.0594172, 0.00100068, -0.0100185) (0, 0, 0) 0.0114211 
Mass 166 (-0.08956, 0.0131051, -0.00206746) (0, 0, 0) 0 
Mass 167 (-0.0752576, 0.00074554, 0.00890396) (0, 0, 0) 0.019215 
Mass 168 (-0.0715784, 0.0151075, -0.00954705) (0, 0, 0) 0.0136433 
Mass 169 (-0.081715, 0.0110879, 0.00804248) (0, 0, 0) 0.015539 
Mass 170 (-0.079601, 0.0054346, -0.00930265) (0, 0, 0) 0.0186468 
Mass 171 (-0.0716296, 0.0189309, 0.000990871) (0, 0, 0) 0.0231231 
Mass 172 (-0.0704209, 0.0108894, 0.00962432) (0, 0, 0) 0.00660661 
Mass 173 (-0.0615453, 0.0132132, 0.00229177) (0, 0, 0) 0.00905603 
Mass 174 (-0.0679579, -0.00027092, 0.00191719) (0, 0, 0) 0 
Spring 0 0 18 1.57589e+06 0.0035
Spring 1 0 29 1.89497e+06 0.0035
Spring 2 0 31 1.73624e+06 0.0035
Spring 3 0 33 2.24933e+06 0.0035
Spring 4 0 39 1.20451e+06 0.0035
Spring 5 0 45 1.20408e+06 0.0035
Spring 6 0 49 945590 0.0035
Spring 7 0 50 1.03163e+06 0.0035
Spring 8 0 58 2.0481e+06 0.0035
Spring 9 0 62 1.82349e+06 0.0035
Spring 10 0 66 1.50265e+06 0.0035
Spring 11 0 68 1.41797e+06 0.0035
Spring 12 0 74 802731 0.0035
Spring 13 0 80 1.00753e+06 0.0035
Spring 14 0 82 916956 0.0035
Spring 15 0 88 828764 0.0035
Spring 16 0 101 979615 0.0035
Spring 17 1 5 2.23423e+06 0.0035
Spring 18 1 7 1.46658e+06 0.0035
Spring 19 1 9 857402 0.0035
Spring 20 1 11 1.27132e+06 0.0035
Spring 21 5 7 2.15403e+06 0.0035
Spring 22 5 9 1.16249e+06 0.0035
Spring 23 5 22 951694 0.0035
Spring 24 7 9 2.03471e+06 0.0035
Spring 25 7 11 2.17203e+06 0.0035
Spring 26 7 20 1.00169e+06 0.0035
Spring 27 8 31 1.13313e+06 0.0035
Spring 28 8 45 1.76285e+06 0.0035
Spring 29 8 64 1.00859e+06 0.0035
Spring 30 9 15 1.06174e+06 0.0035
Spring 31 9 20 1.88363e+06 0.0035
Spring 32 9 22 1.7769e+06 0.0035
Spring 33 11 17 1.47918e+06 0.0035
Spring 34 11 22 1.30816e+06 0.0035
Spring 35 11 24 1.25283e+06 0.0035
Spring 36 11 28 807771 0.0035
Spring 37 15 22 1.25871e+06 0.0035
Spring 38 15 26 1.39013e+06 0.0035
Spring 39 15 32 1.40003e+06 0.0035
Spring 40 15 34 1.12212e+06 0.0035
Spring 41 15 40 1.31534e+06 0.0035
Spring 42 17 28 1.50773e+06 0.0035
Spring 43 17 38 951331 0.0035
Spring 44 17 40 1.0205e+06 0.0035
Spring 45 18 31 1.75122e+06 0.0035
Spring 46 19 31 807106 0.0035
Spring 47 19 47 1.42327e+06 0.0035
Spring 48 19 66 1.02178e+06 0.0035
Spring 49 19 88 883812 0.0035
Spring 50 20 26 899182 0.0035
Spring 51 20 32 825788 0.0035
Spring 52 20 48 949595 0.0035
Spring 53 22 34 1.47937e+06 0.0035
Spring 54 22 38 884422 0.0035
Spring 55 22 42 1.08692e+06 0.0035
Spring 56 24 34 1.43334e+06 0.0035
Spring 57 24 40 1.49031e+06 0.0035
Spring 58 25 29 1.6362e+06 0.0035
Spring 59 25 31 1.05921e+06 0.0035
Spring 60 25 45 1.57401e+06 0.0035
Spring 61 26 32 1.9633e+06 0.0035
Spring 62 26 36 2.14765e+06 0.0035
Spring 63 26 48 1.84082e+06 0.0035
Spring 64 26 51 1.04553e+06 0.0035
Spring 65 26 57 971004 0.0035
Spring 66 28 46 1.19814e+06 0.0035
Spring 67 29 31 2.18529e+06 0.0035
Spring 68 29 33 1.45366e+06 0.0035
Spring 69 29 35 980384 0.0035
Spring 70 29 41 1.39792e+06 0.0035
Spring 71 29 45 2.14221e+06 0.0035
Spring 72 29 49 1.09127e+06 0.0035
Spring 73 29 52 1.35358e+06 0.0035
Spring 74 29 56 881607 0.0035
Spring 75 29 62 1.74702e+06 0.0035
Spring 76 29 64 834972 0.0035
Spring 77 29 66 1.06059e+06 0.0035
Spring 78 29 68 1.96363e+06 0.0035
Spring 79 29 80 963963 0.0035
Spring 80 29 82 1.14279e+06 0.0035
Spring 81 29 94 835119 0.0035
Spring 82 29 101 901349 0.0035
Spring 83 29 103 780174 0.0035
Spring 84 31 39 818876 0.0035
Spring 85 31 43 1.55308e+06 0.0035
Spring 86 31 45 2.24677e+06 0.0035
Spring 87 31 50 975063 0.0035
Spring 88 31 54 892612 0.0035
Spring 89 31 58 1.36117e+06 0.0035
Spring 90 31 62 2.12033e+06 0.0035
Spring 91 31 66 960682 0.0035
Spring 92 31 68 1.32487e+06 0.0035
Spring 93 31 72 1.20173e+06 0.0035
Spring 94 31 82 1.06259e+06 0.0035
Spring 95 31 88 911293 0.0035
Spring 96 31 101 923079 0.0035
Spring 97 31 103 831861 0.0035
Spring 98 32 51 1.28895e+06 0.0035
Spring 99 32 55 1.27031e+06 0.0035
Spring 100 32 65 1.11224e+06 0.0035
Spring 101 32 75 874364 0.0035
Spring 102 33 49 1.37727e+06 0.0035
Spring 103 33 68 1.5709e+06 0.0035
Spring 104 34 42 2.13894e+06 0.0035
Spring 105 34 46 1.11548e+06 0.0035
Spring 106 34 53 1.02323e+06 0.0035
Spring 107 34 55 1.45951e+06 0.0035
Spring 108 35 52 2.1875e+06 0.0035
Spring 109 35 56 1.86191e+06 0.0035
Spring 110 35 90 983069 0.0035
Spring 111 36 40 837724 0.0035
Spring 112 36 44 1.12432e+06 0.0035
Spring 113 36 51 1.5937e+06 0.0035
Spring 114 36 57 1.75768e+06 0.0035
Spring 115 36 59 1.57883e+06 0.0035
Spring 116 36 93 782893 0.0035
Spring 117 38 53 1.77289e+06 0.0035
Spring 118 38 61 1.03398e+06 0.0035
Spring 119 38 65 838204 0.0035
Spring 120 38 73 839196 0.0035
Spring 121 39 47 1.62545e+06 0.0035
Spring 122 39 50 1.5133e+06 0.0035
Spring 123 39 66 1.87659e+06 0.0035
Spring 124 39 70 847412 0.0035
Spring 125 39 92 1.45515e+06 0.0035
Spring 126 39 117 867858 0.0035
Spring 127 40 46 1.25303e+06 0.0035
Spring 128 40 59 1.0972e+06 0.0035
Spring 129 41 56 2.24182e+06 0.0035
Spring 130 41 68 1.96933e+06 0.0035
Spring 131 41 76 1.03924e+06 0.0035
Spring 132 42 51 806133 0.0035
Spring 133 42 65 976655 0.0035
Spring 134 43 45 1.27899e+06 0.0035
Spring 135 43 54 2.059e+06 0.0035
Spring 136 43 62 1.71628e+06 0.0035
Spring 137 43 78 1.02743e+06 0.0035
Spring 138 43 120 816344 0.0035
Spring 139 44 51 1.69484e+06 0.0035
Spring 140 44 57 2.24117e+06 0.0035
Spring 141 44 63 1.18959e+06 0.0035
Spring 142 44 81 798607 0.0035
Spring 143 44 83 1.32744e+06 0.0035
Spring 144 44 89 1.29736e+06 0.0035
Spring 145 45 49 916691 0.0035
Spring 146 45 50 809065 0.0035
Spring 147 45 52 2.22747e+06 0.0035
Spring 148 45 54 841086 0.0035
Spring 149 45 56 887774 0.0035
Spring 150 45 58 1.07214e+06 0.0035
Spring 151 45 62 2.01362e+06 0.0035
Spring 152 45 72 1.62546e+06 0.0035
Spring 153 45 80 913532 0.0035
Spring 154 45 82 1.66244e+06 0.0035
Spring 155 45 88 954343 0.0035
Spring 156 45 97 913479 0.0035
Spring 157 45 101 1.0261e+06 0.0035
Spring 158 45 103 1.01809e+06 0.0035
Spring 159 46 53 1.98293e+06 0.0035
Spring 160 46 59 1.30489e+06 0.0035
Spring 161 46 61 1.59153e+06 0.0035
Spring 162 46 69 1.01747e+06 0.0035
Spring 163 46 71 1.25922e+06 0.0035
Spring 164 47 50 1.42924e+06 0.0035
Spring 165 47 70 1.53618e+06 0.0035
Spring 166 47 84 798913 0.0035
Spring 167 47 96 907884 0.0035
Spring 168 47 101 1.01559e+06 0.0035
Spring 169 47 117 1.17658e+06 0.0035
Spring 170 48 51 915987 0.0035
Spring 171 48 57 854925 0.0035
Spring 172 48 59 2.0005e+06 0.0035
Spring 173 48 71 991943 0.0035
Spring 174 49 56 1.84452e+06 0.0035
Spring 175 49 66 1.18919e+06 0.0035
Spring 176 49 76 1.17561e+06 0.0035
Spring 177 49 82 1.10798e+06 0.0035
Spring 178 49 105 875091 0.0035
Spring 179 50 54 1.6446e+06 0.0035
Spring 180 50 60 1.01236e+06 0.0035
Spring 181 50 74 2.07546e+06 0.0035
Spring 182 51 65 1.5026e+06 0.0035
Spring 183 51 67 1.10693e+06 0.0035
Spring 184 51 89 1.14207e+06 0.0035
Spring 185 52 68 1.61274e+06 0.0035
Spring 186 52 90 859416 0.0035
Spring 187 53 61 2.23429e+06 0.0035
Spring 188 53 71 1.26605e+06 0.0035
Spring 189 53 73 1.51881e+06 0.0035
Spring 190 53 79 870081 0.0035
Spring 191 54 60 1.13282e+06 0.0035
Spring 192 54 72 1.3432e+06 0.0035
Spring 193 54 78 1.8416e+06 0.0035
Spring 194 54 101 1.09807e+06 0.0035
Spring 195 54 110 957514 0.0035
Spring 196 54 120 1.05533e+06 0.0035
Spring 197 55 65 1.41724e+06 0.0035
Spring 198 55 69 821973 0.0035
Spring 199 55 73 1.14673e+06 0.0035
Spring 200 55 75 857361 0.0035
Spring 201 56 80 1.17103e+06 0.0035
Spring 202 56 111 886841 0.0035
Spring 203 57 63 841580 0.0035
Spring 204 57 67 1.17017e+06 0.0035
Spring 205 57 83 1.07086e+06 0.0035
Spring 206 58 92 1.09953e+06 0.0035
Spring 207 58 114 854254 0.0035
Spring 208 58 122 844115 0.0035
Spring 209 59 61 1.11631e+06 0.0035
Spring 210 59 69 935984 0.0035
Spring 211 59 71 1.79647e+06 0.0035
Spring 212 59 93 927357 0.0035
Spring 213 60 84 1.47547e+06 0.0035
Spring 214 60 120 1.12659e+06 0.0035
Spring 215 60 124 1.09566e+06 0.0035
Spring 216 60 143 914546 0.0035
Spring 217 61 69 2.1448e+06 0.0035
Spring 218 61 73 2.24425e+06 0.0035
Spring 219 61 79 1.2192e+06 0.0035
Spring 220 61 87 1.04146e+06 0.0035
Spring 221 61 95 864582 0.0035
Spring 222 62 68 2.114e+06 0.0035
Spring 223 62 82 1.61484e+06 0.0035
Spring 224 62 94 979050 0.0035
Spring 225 63 67 2.02603e+06 0.0035
Spring 226 63 83 2.14658e+06 0.0035
Spring 227 63 104 2.1918e+06 0.0035
Spring 228 63 115 878163 0.0035
Spring 229 63 128 824556 0.0035
Spring 230 64 82 1.75869e+06 0.0035
Spring 231 64 90 1.57661e+06 0.0035
Spring 232 64 94 1.80574e+06 0.0035
Spring 233 64 107 1.0818e+06 0.0035
Spring 234 64 111 924696 0.0035
Spring 235 65 67 885017 0.0035
Spring 236 65 89 1.31895e+06 0.0035
Spring 237 66 114 1.22836e+06 0.0035
Spring 238 66 117 873196 0.0035
Spring 239 67 81 1.26087e+06 0.0035
Spring 240 67 91 824762 0.0035
Spring 241 67 106 809554 0.0035
Spring 242 68 101 1.40043e+06 0.0035
Spring 243 68 114 968132 0.0035
Spring 244 69 87 1.9716e+06 0.0035
Spring 245 69 95 1.28722e+06 0.0035
Spring 246 69 109 823581 0.0035
Spring 247 69 121 828114 0.0035
Spring 248 70 96 2.1731e+06 0.0035
Spring 249 70 99 878376 0.0035
Spring 250 70 122 1.6805e+06 0.0035
Spring 251 70 135 1.05979e+06 0.0035
Spring 252 70 143 1.07904e+06 0.0035
Spring 253 71 87 1.21192e+06 0.0035
Spring 254 71 93 1.35306e+06 0.0035
Spring 255 72 82 2.16685e+06 0.0035
Spring 256 72 88 1.87251e+06 0.0035
Spring 257 72 107 826711 0.0035
Spring 258 72 120 1.11333e+06 0.0035
Spring 259 73 89 1.16812e+06 0.0035
Spring 260 73 95 967244 0.0035
Spring 261 73 115 850224 0.0035
Spring 262 74 96 823587 0.0035
Spring 263 74 101 1.50583e+06 0.0035
Spring 264 74 122 1.78035e+06 0.0035
Spring 265 74 151 791439 0.0035
Spring 266 75 83 1.11274e+06 0.0035
Spring 267 75 104 973534 0.0035
Spring 268 76 111 1.71699e+06 0.0035
Spring 269 76 114 1.14334e+06 0.0035
Spring 270 76 125 961779 0.0035
Spring 271 76 130 889404 0.0035
Spring 272 77 83 1.5903e+06 0.0035
Spring 273 77 108 888203 0.0035
Spring 274 77 128 1.40243e+06 0.0035
Spring 275 77 129 1.32161e+06 0.0035
Spring 276 78 110 1.97127e+06 0.0035
Spring 277 78 124 945843 0.0035
Spring 278 79 95 1.93523e+06 0.0035
Spring 279 79 100 1.34984e+06 0.0035
Spring 280 79 132 910076 0.0035
Spring 281 80 94 1.67623e+06 0.0035
Spring 282 80 105 1.09018e+06 0.0035
Spring 283 80 114 1.85976e+06 0.0035
Spring 284 80 141 805591 0.0035
Spring 285 81 89 901570 0.0035
Spring 286 81 91 1.99952e+06 0.0035
Spring 287 81 98 1.14515e+06 0.0035
Spring 288 81 106 2.16182e+06 0.0035
Spring 289 82 122 802558 0.0035
Spring 290 83 91 966210 0.0035
Spring 291 83 126 1.30883e+06 0.0035
Spring 292 83 128 785787 0.0035
Spring 293 84 99 1.37495e+06 0.0035
Spring 294 84 116 1.47587e+06 0.0035
Spring 295 84 154 1.02024e+06 0.0035
Spring 296 87 95 2.10842e+06 0.0035
Spring 297 87 102 1.70296e+06 0.0035
Spring 298 87 109 1.23123e+06 0.0035
Spring 299 87 118 869784 0.0035
Spring 300 87 121 1.37498e+06 0.0035
Spring 301 88 110 1.12163e+06 0.0035
Spring 302 88 120 1.53421e+06 0.0035
Spring 303 88 142 880026 0.0035
Spring 304 89 115 1.35175e+06 0.0035
Spring 305 89 126 866742 0.0035
Spring 306 89 132 790860 0.0035
Spring 307 90 125 1.20135e+06 0.0035
Spring 308 90 134 1.05448e+06 0.0035
Spring 309 90 139 807589 0.0035
Spring 310 91 98 1.82389e+06 0.0035
Spring 311 91 104 1.19271e+06 0.0035
Spring 312 91 106 2.24201e+06 0.0035
Spring 313 91 108 1.22458e+06 0.0035
Spring 314 91 119 1.02132e+06 0.0035
Spring 315 92 96 1.05117e+06 0.0035
Spring 316 92 117 2.108e+06 0.0035
Spring 317 93 121 1.10544e+06 0.0035
Spring 318 93 129 1.00594e+06 0.0035
Spring 319 94 141 920879 0.0035
Spring 320 95 109 2.19292e+06 0.0035
Spring 321 95 118 1.11573e+06 0.0035
Spring 322 95 123 920344 0.0035
Spring 323 96 99 1.28747e+06 0.0035
Spring 324 96 135 2.04238e+06 0.0035
Spring 325 96 154 889119 0.0035
Spring 326 96 164 818016 0.0035
Spring 327 97 107 1.85963e+06 0.0035
Spring 328 97 134 909089 0.0035
Spring 329 98 104 800831 0.0035
Spring 330 98 106 2.12928e+06 0.0035
Spring 331 98 119 2.21163e+06 0.0035
Spring 332 98 131 1.03007e+06 0.0035
Spring 333 98 157 1.26904e+06 0.0035
Spring 334 98 164 853737 0.0035
Spring 335 99 119 869226 0.0035
Spring 336 99 131 1.58945e+06 0.0035
Spring 337 100 123 1.43924e+06 0.0035
Spring 338 100 137 870280 0.0035
Spring 339 102 118 812678 0.0035
Spring 340 102 132 1.16845e+06 0.0035
Spring 341 102 140 863470 0.0035
Spring 342 103 120 1.88466e+06 0.0035
Spring 343 104 140 1.17854e+06 0.0035
Spring 344 104 146 958272 0.0035
Spring 345 105 130 1.3505e+06 0.0035
Spring 346 106 119 1.11778e+06 0.0035
Spring 347 107 134 1.67811e+06 0.0035
Spring 348 107 139 905239 0.0035
Spring 349 107 142 2.1037e+06 0.0035
Spring 350 108 113 2.16424e+06 0.0035
Spring 351 108 126 890759 0.0035
Spring 352 108 138 1.46342e+06 0.0035
Spring 353 108 154 940130 0.0035
Spring 354 109 118 2.16959e+06 0.0035
Spring 355 109 136 1.01884e+06 0.0035
Spring 356 109 137 900724 0.0035
Spring 357 109 156 996194 0.0035
Spring 358 110 116 956996 0.0035
Spring 359 110 124 1.73778e+06 0.0035
Spring 360 110 143 1.19006e+06 0.0035
Spring 361 111 145 826093 0.0035
Spring 362 113 128 1.03327e+06 0.0035
Spring 363 114 141 1.26604e+06 0.0035
Spring 364 115 123 890617 0.0035
Spring 365 115 132 1.87151e+06 0.0035
Spring 366 115 140 1.30767e+06 0.0035
Spring 367 115 146 838180 0.0035
Spring 368 115 149 1.06393e+06 0.0035
Spring 369 116 124 2.02518e+06 0.0035
Spring 370 116 138 1.4345e+06 0.0035
Spring 371 117 135 1.08958e+06 0.0035
Spring 372 117 165 968821 0.0035
Spring 373 118 132 1.45725e+06 0.0035
Spring 374 118 136 1.67409e+06 0.0035
Spring 375 118 144 1.44202e+06 0.0035
Spring 376 118 150 922734 0.0035
Spring 377 118 156 1.61582e+06 0.0035
Spring 378 118 169 874657 0.0035
Spring 379 119 131 1.89703e+06 0.0035
Spring 380 120 158 908286 0.0035
Spring 381 120 163 1.18595e+06 0.0035
Spring 382 121 144 1.49662e+06 0.0035
Spring 383 121 153 868256 0.0035
Spring 384 121 156 1.00352e+06 0.0035
Spring 385 122 143 1.00296e+06 0.0035
Spring 386 122 151 1.39403e+06 0.0035
Spring 387 123 137 2.18749e+06 0.0035
Spring 388 123 140 964386 0.0035
Spring 389 123 148 1.03599e+06 0.0035
Spring 390 123 149 1.79783e+06 0.0035
Spring 391 123 162 1.17921e+06 0.0035
Spring 392 124 138 905344 0.0035
Spring 393 124 143 1.90912e+06 0.0035
Spring 394 124 154 1.24911e+06 0.0035
Spring 395 124 163 1.07883e+06 0.0035
Spring 396 124 167 849229 0.0035
Spring 397 125 134 1.71689e+06 0.0035
Spring 398 125 139 2.21154e+06 0.0035
Spring 399 125 148 830141 0.0035
Spring 400 125 171 914051 0.0035
Spring 401 126 146 1.64454e+06 0.0035
Spring 402 128 138 955275 0.0035
Spring 403 128 167 862598 0.0035
Spring 404 129 144 2.12022e+06 0.0035
Spring 405 129 153 1.23383e+06 0.0035
Spring 406 129 156 1.02384e+06 0.0035
Spring 407 130 145 1.60341e+06 0.0035
Spring 408 130 148 916072 0.0035
Spring 409 130 168 1.01925e+06 0.0035
Spring 410 131 135 1.11454e+06 0.0035
Spring 411 131 143 1.05276e+06 0.0035
Spring 412 131 146 856221 0.0035
Spring 413 131 164 2.21258e+06 0.0035
Spring 414 132 149 2.03779e+06 0.0035
Spring 415 132 157 985979 0.0035
Spring 416 132 162 840004 0.0035
Spring 417 134 142 1.69517e+06 0.0035
Spring 418 134 150 805743 0.0035
Spring 419 134 155 1.88703e+06 0.0035
Spring 420 134 158 908888 0.0035
Spring 421 134 171 917957 0.0035
Spring 422 134 172 1.00473e+06 0.0035
Spring 423 135 143 2.04412e+06 0.0035
Spring 424 135 164 1.32694e+06 0.0035
Spring 425 135 170 844814 0.0035
Spring 426 136 148 1.35743e+06 0.0035
Spring 427 136 150 1.80909e+06 0.0035
Spring 428 136 155 787585 0.0035
Spring 429 136 156 2.21078e+06 0.0035
Spring 430 136 169 1.24425e+06 0.0035
Spring 431 136 171 1.20847e+06 0.0035
Spring 432 137 145 1.03224e+06 0.0035
Spring 433 137 148 1.95908e+06 0.0035
Spring 434 138 153 1.01356e+06 0.0035
Spring 435 138 158 1.11864e+06 0.0035
Spring 436 138 167 1.89198e+06 0.0035
Spring 437 139 148 1.19585e+06 0.0035
Spring 438 139 150 1.09848e+06 0.0035
Spring 439 140 149 1.90934e+06 0.0035
Spring 440 140 157 1.66548e+06 0.0035
Spring 441 140 162 870099 0.0035
Spring 442 140 170 888730 0.0035
Spring 443 141 145 997982 0.0035
Spring 444 142 158 993459 0.0035
Spring 445 142 163 2.15194e+06 0.0035
Spring 446 142 173 1.01632e+06 0.0035
Spring 447 143 164 1.20918e+06 0.0035
Spring 448 144 150 844434 0.0035
Spring 449 144 153 1.97817e+06 0.0035
Spring 450 144 156 1.91867e+06 0.0035
Spring 451 145 148 2.07189e+06 0.0035
Spring 452 145 162 1.28339e+06 0.0035
Spring 453 146 164 839897 0.0035
Spring 454 146 170 1.05285e+06 0.0035
Spring 455 148 149 909556 0.0035
Spring 456 148 150 1.44216e+06 0.0035
Spring 457 149 157 1.68118e+06 0.0035
Spring 458 149 168 867229 0.0035
Spring 459 149 170 1.04128e+06 0.0035
Spring 460 150 155 1.36241e+06 0.0035
Spring 461 150 156 1.46363e+06 0.0035
Spring 462 150 171 1.97497e+06 0.0035
Spring 463 151 164 953617 0.0035
Spring 464 151 165 1.78193e+06 0.0035
Spring 465 153 167 1.13683e+06 0.0035
Spring 466 153 172 881895 0.0035
Spring 467 154 164 2.24296e+06 0.0035
Spring 468 156 169 1.88142e+06 0.0035
Spring 469 156 171 1.12125e+06 0.0035
Spring 470 157 164 1.05415e+06 0.0035
Spring 471 157 170 1.88739e+06 0.0035
Spring 472 157 171 877263 0.0035
Spring 473 158 167 1.31707e+06 0.0035
Spring 474 158 169 818191 0.0035
Spring 475 162 168 2.25177e+06 0.0035
Spring 476 163 173 1.6369e+06 0.0035
Spring 477 165 168 1.21173e+06 0.0035
Spring 478 165 170 1.09182e+06 0.0035
Spring 479 167 169 1.84699e+06 0.0035
Spring 480 171 173 1.93532e+06 0.0035
