SIMULATION DUMP; Time: 0.098392, Springs: 2136, Masses: 175
Start Length: 48.3257, Start Energy: 0
Current Length: 43.4454, Current Energy: 0
Mass 0 (0.00153206, -0.004834, -0.0074015) (0, 0, 0) 0.102402 F
Mass 1 (-0.220052, 0.0526928, -0.00308528) (20, -20, 0) 0.100465 
Mass 2 (0.0027733, -0.0248791, 0.00991715) (0, 0, 0) 0.08093 
Mass 3 (-0.21493, 0.0488677, 0.00557669) (0, 0, 0) 0.100697 
Mass 4 (0.00276242, 0.0271351, -0.00329339) (0, 0, 0) 0.0893978 
Mass 5 (-0.210675, 0.0505792, -0.00620076) (0, 0, 0) 0.100697 
Mass 6 (0.00339641, -0.0255749, -0.00772641) (0, 0, 0) 0.0822575 
Mass 7 (-0.210028, 0.0410785, -0.00182293) (0, 0, 0) 0.100852 
Mass 8 (0.00361513, 0.0139072, 0.0159012) (0, 0, 0) 0.0957619 
Mass 9 (-0.201133, 0.0345067, -0.000930009) (0, 0, 0) 0.0938646 
Mass 10 (0.00374922, -0.0134923, 0.0146608) (0, 0, 0) 0.101395 
Mass 11 (-0.203132, 0.0485439, 0.000353528) (0, 0, 0) 0.10093 
Mass 12 (0.00254296, 0.0225715, -0.0127567) (0, 0, 0) 0.10155 
Mass 13 (-0.197166, 0.0417606, 0.00583458) (0, 0, 0) 0.101162 
Mass 14 (0.0014794, -0.0153108, -0.0156238) (0, 0, 0) 0.0907912 
Mass 15 (-0.183605, 0.022505, -0.00185748) (0, 0, 0) 0.0957619 
Mass 16 (0.00129798, 0.0239976, 0.0121633) (0, 0, 0) 0.0801099 
Mass 17 (-0.188364, 0.0498406, -0.00327852) (0, 0, 0) 0.0949125 
Mass 18 (0.00382981, -0.0154114, 0.00198296) (0, 0, 0) 0.0937825 
Mass 19 (-0.00900292, -0.0243645, -0.00810931) (0, 0, 0) 0.101705 
Mass 20 (-0.190674, 0.0309434, 0.00371284) (0, 0, 0) 0.088585 
Mass 21 (0.00283623, 0.010451, -0.0144151) (0, 0, 0) 0.0924591 
Mass 22 (-0.190069, 0.0388528, -0.00541568) (0, 0, 0) 0.0953576 
Mass 23 (-0.00680168, -0.0216764, 0.00916109) (0, 0, 0) 0.090244 
Mass 24 (-0.186663, 0.0434158, 0.00556979) (0, 0, 0) 0.0834379 
Mass 25 (0.00272942, 0.0181707, 0.00298503) (0, 0, 0) 0.0933717 
Mass 26 (-0.170878, 0.0156037, 0.00550009) (0, 0, 0) 0.0944183 
Mass 27 (0.000250772, -0.00216485, 0.0149966) (0, 0, 0) 0.0976158 
Mass 28 (-0.175427, 0.0471692, 0.00377077) (0, 0, 0) 0.10124 
Mass 29 (0.0037207, 0.00502105, -0.00107517) (0, 0, 0) 0.10248 F
Mass 30 (-0.182325, 0.0327156, -0.00243565) (0, 0, 0) 0.0964725 
Mass 31 (0.00299788, -0.00300564, 0.00538836) (0, 0, 0) 0.10248 F
Mass 32 (-0.16871, 0.017602, -0.00561442) (0, 0, 0) 0.101395 
Mass 33 (-0.0024747, 0.000801016, -0.0146767) (0, 0, 0) 0.0955033 
Mass 34 (-0.174921, 0.0404592, -0.00450278) (0, 0, 0) 0.0854505 
Mass 35 (-0.00668612, 0.0245331, 0.00534761) (0, 0, 0) 0.089705 
Mass 36 (-0.161275, 0.0113737, 0.0061225) (0, 0, 0) 0.0949125 
Mass 37 (-0.0235692, -0.0226549, 0.00808418) (0, 0, 0) 0.0869677 
Mass 38 (-0.165233, 0.0446392, -0.00429306) (0, 0, 0) 0.0961318 
Mass 39 (-0.0129935, -0.0148834, -0.0136713) (0, 0, 0) 0.102092 
Mass 40 (-0.174038, 0.0350752, 0.00485359) (0, 0, 0) 0.091395 
Mass 41 (-0.00428486, 0.0186208, -0.00450558) (0, 0, 0) 0.0924926 
Mass 42 (-0.170977, 0.0306818, -0.00500839) (0, 0, 0) 0.0785902 
Mass 43 (-0.00785373, -0.0107779, 0.0111448) (0, 0, 0) 0.10248 
Mass 44 (-0.144478, 0.0015944, 0.00107923) (0, 0, 0) 0.101317 
Mass 45 (-0.0017695, 0.00547284, 0.00790905) (0, 0, 0) 0.102712 F
Mass 46 (-0.157403, 0.0419631, 0.00552007) (0, 0, 0) 0.0949125 
Mass 47 (-0.0245267, -0.0216317, -0.00988307) (0, 0, 0) 0.0941677 
Mass 48 (-0.167204, 0.0271504, 0.00360682) (0, 0, 0) 0.0891275 
Mass 49 (-0.00916354, 0.015697, -0.0132408) (0, 0, 0) 0.0951959 
Mass 50 (-0.0130748, -0.0189897, 0.000670532) (0, 0, 0) 0.102712 
Mass 51 (-0.153621, 0.00870874, -0.00549583) (0, 0, 0) 0.0957619 
Mass 52 (-0.00537226, 0.0149025, 0.00881699) (0, 0, 0) 0.08967 
Mass 53 (-0.15289, 0.0415727, -0.00492513) (0, 0, 0) 0.0893978 
Mass 54 (-0.0174498, -0.0156485, 0.0132458) (0, 0, 0) 0.0987217 
Mass 55 (-0.16106, 0.0335949, -0.00437035) (0, 0, 0) 0.0785902 
Mass 56 (-0.0125148, 0.0243719, -0.00528346) (0, 0, 0) 0.0920925 
Mass 57 (-0.148777, 0.0085387, 0.00697613) (0, 0, 0) 0.0964725 
Mass 58 (-0.00788878, -0.0100172, -0.00497533) (0, 0, 0) 0.0948178 
Mass 59 (-0.156263, 0.0247105, 0.00490654) (0, 0, 0) 0.0937825 
Mass 60 (-0.0347111, -0.0217062, 0.00533889) (0, 0, 0) 0.0929318 
Mass 61 (-0.144317, 0.0403606, 0.000284217) (0, 0, 0) 0.0961318 
Mass 62 (-0.00680256, -0.00208299, 0.00133044) (0, 0, 0) 0.0965883 
Mass 63 (-0.126655, -0.00477703, -0.000301205) (0, 0, 0) 0.0919487 
Mass 64 (-0.0159056, 0.0213356, 0.00785207) (0, 0, 0) 0.0920925 
Mass 65 (-0.14916, 0.0230553, -0.00539687) (0, 0, 0) 0.09786 
Mass 66 (-0.0125767, -0.00294951, -0.0122093) (0, 0, 0) 0.0889665 
Mass 67 (-0.134281, 0.00237127, -0.00416257) (0, 0, 0) 0.10155 
Mass 68 (-0.00730059, 0.00766269, -0.00300775) (0, 0, 0) 0.103255 
Mass 69 (-0.135707, 0.0373139, 0.00551679) (0, 0, 0) 0.0967881 
Mass 70 (-0.0390319, -0.0192858, -0.0101548) (0, 0, 0) 0.0980913 
Mass 71 (-0.14461, 0.0294078, 0.00514609) (0, 0, 0) 0.101937 
Mass 72 (-0.0142694, 0.000786899, 0.0117428) (0, 0, 0) 0.0958796 
Mass 73 (-0.141431, 0.0321069, -0.00469017) (0, 0, 0) 0.0924591 
Mass 74 (-0.0234264, -0.0161988, -0.00116681) (0, 0, 0) 0.0997779 
Mass 75 (-0.143604, 0.0142427, -0.000608502) (0, 0, 0) 0.0980913 
Mass 76 (-0.0253313, 0.0236027, -0.00654125) (0, 0, 0) 0.0881444 
Mass 77 (-0.116869, -0.00528336, 0.00735444) (0, 0, 0) 0.0871093 
Mass 78 (-0.029548, -0.014181, 0.0119194) (0, 0, 0) 0.0948721 
Mass 79 (-0.127634, 0.0357899, -0.00632394) (0, 0, 0) 0.0961318 
Mass 80 (-0.0172924, 0.00668401, -0.0112821) (0, 0, 0) 0.0981445 
Mass 81 (-0.117987, -0.0046542, -0.00655783) (0, 0, 0) 0.0878361 
Mass 82 (-0.0146312, 0.00885029, 0.00515477) (0, 0, 0) 0.0904115 
Mass 83 (-0.128474, 0.00286563, 0.0066911) (0, 0, 0) 0.0885065 
Mass 84 (-0.0497867, -0.0211799, 0.00277647) (0, 0, 0) 0.0980913 
Mass 85 (-0.138014, 0.0234202, -0.00105457) (0, 0, 0) 0.0983113 
Mass 86 (-0.0247059, 0.0157241, -0.0130111) (0, 0, 0) 0.0924926 
Mass 87 (-0.126393, 0.0313649, 0.0085124) (0, 0, 0) 0.0878361 
Mass 88 (-0.0211881, -0.00802285, 0.00728422) (0, 0, 0) 0.0956279 
Mass 89 (-0.134601, 0.0140722, -0.00595973) (0, 0, 0) 0.0945301 
Mass 90 (-0.029646, 0.0241961, 0.00501252) (0, 0, 0) 0.096075 
Mass 91 (-0.109895, -0.00945142, -0.00031372) (0, 0, 0) 0.0919487 
Mass 92 (-0.0276527, -0.010945, -0.0104624) (0, 0, 0) 0.0875416 
Mass 93 (-0.133072, 0.017383, 0.00596911) (0, 0, 0) 0.0881444 
Mass 94 (-0.021097, 0.015697, -0.00202539) (0, 0, 0) 0.09279 
Mass 95 (-0.118972, 0.0341644, 0.00131911) (0, 0, 0) 0.0822699 
Mass 96 (-0.0485509, -0.015614, -0.0121132) (0, 0, 0) 0.0980913 
Mass 97 (-0.0249992, 0.0138952, 0.00839679) (0, 0, 0) 0.0948178 
Mass 98 (-0.0991038, -0.0103124, -0.00631473) (0, 0, 0) 0.0976158 
Mass 99 (-0.0641627, -0.0187935, -0.00478899) (0, 0, 0) 0.091395 
Mass 100 (-0.11146, 0.0316563, -0.00734599) (0, 0, 0) 0.10155 
Mass 101 (-0.0204594, -0.00150435, -0.00136869) (0, 0, 0) 0.0917228 
Mass 102 (-0.126138, 0.0218863, -0.000752516) (0, 0, 0) 0.0920925 
Mass 103 (-0.0236209, 0.00170126, 0.00780004) (0, 0, 0) 0.0990622 
Mass 104 (-0.122535, 0.00459171, -0.00145991) (0, 0, 0) 0.0945301 
Mass 105 (-0.0348994, 0.0174629, -0.0129111) (0, 0, 0) 0.0920925 
Mass 106 (-0.107887, -0.00510639, -0.00917273) (0, 0, 0) 0.0891275 
Mass 107 (-0.0358992, 0.0174442, 0.0123937) (0, 0, 0) 0.0948721 
Mass 108 (-0.0926437, -0.0127018, 0.00531531) (0, 0, 0) 0.0929318 
Mass 109 (-0.109081, 0.0315501, 0.00247163) (0, 0, 0) 0.0832132 
Mass 110 (-0.0404565, -0.0137212, 0.00846211) (0, 0, 0) 0.08186 
Mass 111 (-0.0378174, 0.0243424, -0.00248718) (0, 0, 0) 0.0985211 
Mass 112 (-0.122129, 0.0133764, 0.00432) (0, 0, 0) 0.0905603 
Mass 113 (-0.083015, -0.0157635, 0.0027217) (0, 0, 0) 0.0919487 
Mass 114 (-0.0292201, 0.00462458, -0.010362) (0, 0, 0) 0.0793017 
Mass 115 (-0.118589, 0.0187404, -0.00684192) (0, 0, 0) 0.0886817 
Mass 116 (-0.0637933, -0.0169456, 0.0072345) (0, 0, 0) 0.091395 
Mass 117 (-0.0379167, -0.00793262, -0.0109845) (0, 0, 0) 0.0875416 
Mass 118 (-0.100586, 0.0286959, 0.00775873) (0, 0, 0) 0.097082 
Mass 119 (-0.0892815, -0.0127975, -0.00755802) (0, 0, 0) 0.10155 
Mass 120 (-0.0342621, -0.00256925, 0.0112671) (0, 0, 0) 0.0885136 
Mass 121 (-0.113173, 0.0219763, 0.00593102) (0, 0, 0) 0.0912232 
Mass 122 (-0.0344315, -0.00992103, -0.00169245) (0, 0, 0) 0.0953675 
Mass 123 (-0.0959173, 0.0300447, -0.00597692) (0, 0, 0) 0.097082 
Mass 124 (-0.0533416, -0.014259, 0.0100298) (0, 0, 0) 0.0941677 
Mass 125 (-0.0477685, 0.025254, 0.00015451) (0, 0, 0) 0.0907489 
Mass 126 (-0.112148, 0.00293053, 0.00112483) (0, 0, 0) 0.0846186 
Mass 127 (-0.0335282, 0.0151152, 0.00142142) (0, 0, 0) 0.0889665 
Mass 128 (-0.10085, -0.00473041, 0.00884971) (0, 0, 0) 0.090244 
Mass 129 (-0.1116, 0.010965, 0.00717206) (0, 0, 0) 0.0745873 
Mass 130 (-0.0505333, 0.0220011, -0.00911153) (0, 0, 0) 0.0941677 
Mass 131 (-0.0775453, -0.0142588, -0.00623369) (0, 0, 0) 0.10155 
Mass 132 (-0.107181, 0.0218735, -0.0044874) (0, 0, 0) 0.0955033 
Mass 133 (-0.0346152, 0.000566732, -0.00155059) (0, 0, 0) 0.0810225 
Mass 134 (-0.049273, 0.018313, 0.0112209) (0, 0, 0) 0.0941677 
Mass 135 (-0.0584345, -0.0106686, -0.0119075) (0, 0, 0) 0.089705 
Mass 136 (-0.0873626, 0.0280916, 0.00518018) (0, 0, 0) 0.101782 
Mass 137 (-0.0858179, 0.0279249, -0.00612439) (0, 0, 0) 0.0871093 
Mass 138 (-0.0780386, -0.0108146, 0.00991068) (0, 0, 0) 0.097082 
Mass 139 (-0.0574908, 0.0258868, 0.00320183) (0, 0, 0) 0.0941677 
Mass 140 (-0.104762, 0.00842331, -0.00749285) (0, 0, 0) 0.0875416 
Mass 141 (-0.0442551, 0.0142028, -0.00993021) (0, 0, 0) 0.08967 
Mass 142 (-0.0405074, 0.0088434, 0.00792637) (0, 0, 0) 0.0818897 
Mass 143 (-0.0567597, -0.0127256, -0.00118648) (0, 0, 0) 0.0916702 
Mass 144 (-0.101198, 0.0130552, 0.00807047) (0, 0, 0) 0.0792354 
Mass 145 (-0.0643975, 0.0244416, -0.0088388) (0, 0, 0) 0.101937 
Mass 146 (-0.099492, 6.90278e-05, -0.00335713) (0, 0, 0) 0.083265 
Mass 147 (-0.042665, -0.00385891, 0.0045623) (0, 0, 0) 0.0818897 
Mass 148 (-0.0744043, 0.0266709, -0.00514785) (0, 0, 0) 0.101782 
Mass 149 (-0.09741, 0.017683, -0.00760339) (0, 0, 0) 0.0864675 
Mass 150 (-0.0767466, 0.0236855, 0.0100396) (0, 0, 0) 0.0976158 
Mass 151 (-0.0495319, -0.0056127, -0.00565293) (0, 0, 0) 0.0784856 
Mass 152 (-0.0433155, 0.00475307, -0.0062025) (0, 0, 0) 0.0817048 
Mass 153 (-0.0948616, 0.00358137, 0.00748649) (0, 0, 0) 0.0875416 
Mass 154 (-0.0689965, -0.0102279, 0.0019471) (0, 0, 0) 0.0869677 
Mass 155 (-0.0612324, 0.017991, 0.0112513) (0, 0, 0) 0.0980913 
Mass 156 (-0.0909367, 0.0186468, 0.00669706) (0, 0, 0) 0.0912232 
Mass 157 (-0.0915318, 0.00564042, -0.00847135) (0, 0, 0) 0.0845229 
Mass 158 (-0.0589218, -0.00444509, 0.00878174) (0, 0, 0) 0.096075 
Mass 159 (-0.0504099, 0.0155084, 0.00120008) (0, 0, 0) 0.0928725 
Mass 160 (-0.0547334, 0.0117036, -0.0103666) (0, 0, 0) 0.0875416 
Mass 161 (-0.0896648, -0.00077484, 2.85916e-05) (0, 0, 0) 0.0924926 
Mass 162 (-0.0809769, 0.0185979, -0.00948257) (0, 0, 0) 0.0955033 
Mass 163 (-0.0502645, 0.00591899, 0.00541518) (0, 0, 0) 0.0835874 
Mass 164 (-0.0731992, -0.00504958, -0.0055916) (0, 0, 0) 0.096075 
Mass 165 (-0.0594172, 0.00100068, -0.0100185) (0, 0, 0) 0.0913689 
Mass 166 (-0.08956, 0.0131051, -0.00206746) (0, 0, 0) 0.0909739 
Mass 167 (-0.0752576, 0.00074554, 0.00890396) (0, 0, 0) 0.0864675 
Mass 168 (-0.0715784, 0.0151075, -0.00954705) (0, 0, 0) 0.0852708 
Mass 169 (-0.081715, 0.0110879, 0.00804248) (0, 0, 0) 0.0870185 
Mass 170 (-0.079601, 0.0054346, -0.00930265) (0, 0, 0) 0.0839107 
Mass 171 (-0.0716296, 0.0189309, 0.000990871) (0, 0, 0) 0.0957959 
Mass 172 (-0.0704209, 0.0108894, 0.00962432) (0, 0, 0) 0.085886 
Mass 173 (-0.0615453, 0.0132132, 0.00229177) (0, 0, 0) 0.093579 
Mass 174 (-0.0679579, -0.00027092, 0.00191719) (0, 0, 0) 0.09279 
Spring 0 0 2 851298 0.0035
Spring 1 0 6 1.08397e+06 0.0035
Spring 2 0 10 948411 0.0035
Spring 3 0 12 807956 0.0035
Spring 4 0 14 1.69514e+06 0.0035
Spring 5 0 18 1.57589e+06 0.0035
Spring 6 0 19 1.01685e+06 0.0035
Spring 7 0 21 1.33841e+06 0.0035
Spring 8 0 23 901283 0.0035
Spring 9 0 25 893421 0.0035
Spring 10 0 27 999248 0.0035
Spring 11 0 29 1.89497e+06 0.0035
Spring 12 0 31 1.73624e+06 0.0035
Spring 13 0 33 2.24933e+06 0.0035
Spring 14 0 39 1.20451e+06 0.0035
Spring 15 0 41 927591 0.0035
Spring 16 0 43 1.04426e+06 0.0035
Spring 17 0 45 1.20408e+06 0.0035
Spring 18 0 49 945590 0.0035
Spring 19 0 50 1.03163e+06 0.0035
Spring 20 0 52 853146 0.0035
Spring 21 0 58 2.0481e+06 0.0035
Spring 22 0 62 1.82349e+06 0.0035
Spring 23 0 66 1.50265e+06 0.0035
Spring 24 0 68 1.41797e+06 0.0035
Spring 25 0 72 887014 0.0035
Spring 26 0 74 802731 0.0035
Spring 27 0 80 1.00753e+06 0.0035
Spring 28 0 82 916956 0.0035
Spring 29 0 88 828764 0.0035
Spring 30 0 101 979615 0.0035
Spring 31 1 3 2.0971e+06 0.0035
Spring 32 1 5 2.23423e+06 0.0035
Spring 33 1 7 1.46658e+06 0.0035
Spring 34 1 9 857402 0.0035
Spring 35 1 11 1.27132e+06 0.0035
Spring 36 1 13 839690 0.0035
Spring 37 2 10 1.82448e+06 0.0035
Spring 38 2 18 1.82097e+06 0.0035
Spring 39 2 19 1.04818e+06 0.0035
Spring 40 2 27 964308 0.0035
Spring 41 2 31 1.01063e+06 0.0035
Spring 42 2 37 851934 0.0035
Spring 43 2 43 1.27549e+06 0.0035
Spring 44 2 50 1.17154e+06 0.0035
Spring 45 2 54 1.00436e+06 0.0035
Spring 46 2 58 957140 0.0035
Spring 47 2 62 862526 0.0035
Spring 48 3 5 1.78621e+06 0.0035
Spring 49 3 7 1.91172e+06 0.0035
Spring 50 3 9 1.07757e+06 0.0035
Spring 51 3 11 1.74909e+06 0.0035
Spring 52 3 13 1.17981e+06 0.0035
Spring 53 3 17 805712 0.0035
Spring 54 3 22 779309 0.0035
Spring 55 3 24 784209 0.0035
Spring 56 4 8 967815 0.0035
Spring 57 4 12 2.14836e+06 0.0035
Spring 58 4 21 1.12591e+06 0.0035
Spring 59 4 25 2.06278e+06 0.0035
Spring 60 4 29 1.01485e+06 0.0035
Spring 61 4 35 1.72788e+06 0.0035
Spring 62 4 41 2.03044e+06 0.0035
Spring 63 4 45 910138 0.0035
Spring 64 4 49 1.17049e+06 0.0035
Spring 65 4 52 1.1858e+06 0.0035
Spring 66 4 56 1.44235e+06 0.0035
Spring 67 4 64 1.00328e+06 0.0035
Spring 68 4 68 1.02989e+06 0.0035
Spring 69 4 76 792122 0.0035
Spring 70 4 94 852252 0.0035
Spring 71 5 7 2.15403e+06 0.0035
Spring 72 5 9 1.16249e+06 0.0035
Spring 73 5 11 2.21371e+06 0.0035
Spring 74 5 13 1.12165e+06 0.0035
Spring 75 5 17 1.00278e+06 0.0035
Spring 76 5 22 951694 0.0035
Spring 77 5 24 815474 0.0035
Spring 78 6 10 887346 0.0035
Spring 79 6 14 1.72443e+06 0.0035
Spring 80 6 18 1.60539e+06 0.0035
Spring 81 6 19 1.81127e+06 0.0035
Spring 82 6 23 1.12266e+06 0.0035
Spring 83 6 31 864778 0.0035
Spring 84 6 33 809145 0.0035
Spring 85 6 39 1.10386e+06 0.0035
Spring 86 6 43 852293 0.0035
Spring 87 6 47 798230 0.0035
Spring 88 6 50 1.15032e+06 0.0035
Spring 89 6 62 831080 0.0035
Spring 90 7 9 2.03471e+06 0.0035
Spring 91 7 11 2.17203e+06 0.0035
Spring 92 7 13 1.50658e+06 0.0035
Spring 93 7 17 964207 0.0035
Spring 94 7 20 1.00169e+06 0.0035
Spring 95 7 22 1.10657e+06 0.0035
Spring 96 7 24 917054 0.0035
Spring 97 7 30 779989 0.0035
Spring 98 8 10 823101 0.0035
Spring 99 8 16 2.05103e+06 0.0035
Spring 100 8 25 1.65629e+06 0.0035
Spring 101 8 27 1.37279e+06 0.0035
Spring 102 8 29 1.17818e+06 0.0035
Spring 103 8 31 1.13313e+06 0.0035
Spring 104 8 35 1.24201e+06 0.0035
Spring 105 8 43 817032 0.0035
Spring 106 8 45 1.76285e+06 0.0035
Spring 107 8 52 1.96536e+06 0.0035
Spring 108 8 56 789122 0.0035
Spring 109 8 62 940241 0.0035
Spring 110 8 64 1.00859e+06 0.0035
Spring 111 8 68 994146 0.0035
Spring 112 8 72 1.00038e+06 0.0035
Spring 113 8 82 1.03696e+06 0.0035
Spring 114 9 11 1.58575e+06 0.0035
Spring 115 9 13 2.11333e+06 0.0035
Spring 116 9 15 1.06174e+06 0.0035
Spring 117 9 17 1.12363e+06 0.0035
Spring 118 9 20 1.88363e+06 0.0035
Spring 119 9 22 1.7769e+06 0.0035
Spring 120 9 30 1.19118e+06 0.0035
Spring 121 9 34 832567 0.0035
Spring 122 9 40 814675 0.0035
Spring 123 10 18 1.76064e+06 0.0035
Spring 124 10 19 798531 0.0035
Spring 125 10 23 1.56331e+06 0.0035
Spring 126 10 27 1.90351e+06 0.0035
Spring 127 10 29 929148 0.0035
Spring 128 10 31 1.61046e+06 0.0035
Spring 129 10 43 1.8171e+06 0.0035
Spring 130 10 45 1.08154e+06 0.0035
Spring 131 10 50 1.00067e+06 0.0035
Spring 132 10 54 1.05716e+06 0.0035
Spring 133 10 58 977783 0.0035
Spring 134 10 62 1.10263e+06 0.0035
Spring 135 10 72 974150 0.0035
Spring 136 10 88 849537 0.0035
Spring 137 11 13 2.1366e+06 0.0035
Spring 138 11 17 1.47918e+06 0.0035
Spring 139 11 20 1.03449e+06 0.0035
Spring 140 11 22 1.30816e+06 0.0035
Spring 141 11 24 1.25283e+06 0.0035
Spring 142 11 28 807771 0.0035
Spring 143 11 30 858702 0.0035
Spring 144 12 16 903338 0.0035
Spring 145 12 21 1.84491e+06 0.0035
Spring 146 12 25 1.3811e+06 0.0035
Spring 147 12 29 1.06917e+06 0.0035
Spring 148 12 33 1.0068e+06 0.0035
Spring 149 12 35 1.10583e+06 0.0035
Spring 150 12 41 1.97771e+06 0.0035
Spring 151 12 45 831015 0.0035
Spring 152 12 49 1.66191e+06 0.0035
Spring 153 12 52 931901 0.0035
Spring 154 12 56 1.33535e+06 0.0035
Spring 155 12 64 815385 0.0035
Spring 156 12 68 1.10927e+06 0.0035
Spring 157 12 76 789993 0.0035
Spring 158 12 80 886850 0.0035
Spring 159 12 82 796172 0.0035
Spring 160 12 86 803496 0.0035
Spring 161 12 94 840619 0.0035
Spring 162 13 15 911219 0.0035
Spring 163 13 17 1.5024e+06 0.0035
Spring 164 13 20 1.76473e+06 0.0035
Spring 165 13 22 1.65809e+06 0.0035
Spring 166 13 24 2.1227e+06 0.0035
Spring 167 13 28 1.00354e+06 0.0035
Spring 168 13 30 1.17297e+06 0.0035
Spring 169 13 34 919067 0.0035
Spring 170 13 40 936963 0.0035
Spring 171 14 18 1.27094e+06 0.0035
Spring 172 14 19 1.43266e+06 0.0035
Spring 173 14 21 874164 0.0035
Spring 174 14 23 839385 0.0035
Spring 175 14 29 899400 0.0035
Spring 176 14 31 925345 0.0035
Spring 177 14 33 1.35862e+06 0.0035
Spring 178 14 39 1.54521e+06 0.0035
Spring 179 14 43 786371 0.0035
Spring 180 14 47 824782 0.0035
Spring 181 14 50 1.01898e+06 0.0035
Spring 182 14 58 1.4913e+06 0.0035
Spring 183 14 62 979705 0.0035
Spring 184 14 68 816753 0.0035
Spring 185 14 74 783580 0.0035
Spring 186 15 17 812579 0.0035
Spring 187 15 20 1.82996e+06 0.0035
Spring 188 15 22 1.25871e+06 0.0035
Spring 189 15 24 1.00784e+06 0.0035
Spring 190 15 26 1.39013e+06 0.0035
Spring 191 15 28 849124 0.0035
Spring 192 15 30 2.1904e+06 0.0035
Spring 193 15 32 1.40003e+06 0.0035
Spring 194 15 34 1.12212e+06 0.0035
Spring 195 15 36 861808 0.0035
Spring 196 15 38 782017 0.0035
Spring 197 15 40 1.31534e+06 0.0035
Spring 198 15 42 1.46878e+06 0.0035
Spring 199 15 48 1.26118e+06 0.0035
Spring 200 15 59 799070 0.0035
Spring 201 16 25 2.05882e+06 0.0035
Spring 202 16 27 857220 0.0035
Spring 203 16 29 970406 0.0035
Spring 204 16 31 809406 0.0035
Spring 205 16 35 2.1478e+06 0.0035
Spring 206 16 41 1.2281e+06 0.0035
Spring 207 16 45 1.1726e+06 0.0035
Spring 208 16 49 786609 0.0035
Spring 209 16 56 1.01438e+06 0.0035
Spring 210 16 64 1.25882e+06 0.0035
Spring 211 16 68 944837 0.0035
Spring 212 16 94 812658 0.0035
Spring 213 16 97 794324 0.0035
Spring 214 17 22 1.99386e+06 0.0035
Spring 215 17 24 2.04005e+06 0.0035
Spring 216 17 28 1.50773e+06 0.0035
Spring 217 17 30 1.24194e+06 0.0035
Spring 218 17 34 1.37332e+06 0.0035
Spring 219 17 38 951331 0.0035
Spring 220 17 40 1.0205e+06 0.0035
Spring 221 17 42 870658 0.0035
Spring 222 18 19 1.21248e+06 0.0035
Spring 223 18 23 1.58139e+06 0.0035
Spring 224 18 27 1.19378e+06 0.0035
Spring 225 18 29 1.09272e+06 0.0035
Spring 226 18 31 1.75122e+06 0.0035
Spring 227 18 33 937308 0.0035
Spring 228 18 37 778761 0.0035
Spring 229 18 39 982160 0.0035
Spring 230 18 43 1.4515e+06 0.0035
Spring 231 18 45 1.00699e+06 0.0035
Spring 232 18 50 1.30279e+06 0.0035
Spring 233 18 54 937637 0.0035
Spring 234 18 58 1.54024e+06 0.0035
Spring 235 18 62 1.32315e+06 0.0035
Spring 236 18 68 864981 0.0035
Spring 237 18 72 862443 0.0035
Spring 238 18 74 822473 0.0035
Spring 239 18 101 800885 0.0035
Spring 240 19 23 1.28153e+06 0.0035
Spring 241 19 31 807106 0.0035
Spring 242 19 33 841912 0.0035
Spring 243 19 37 1.03333e+06 0.0035
Spring 244 19 39 1.93055e+06 0.0035
Spring 245 19 43 956886 0.0035
Spring 246 19 47 1.42327e+06 0.0035
Spring 247 19 50 2.03931e+06 0.0035
Spring 248 19 54 919093 0.0035
Spring 249 19 58 1.53289e+06 0.0035
Spring 250 19 62 929111 0.0035
Spring 251 19 66 1.02178e+06 0.0035
Spring 252 19 74 1.25633e+06 0.0035
Spring 253 19 88 883812 0.0035
Spring 254 19 92 977476 0.0035
Spring 255 19 101 853735 0.0035
Spring 256 20 22 1.86677e+06 0.0035
Spring 257 20 24 1.70611e+06 0.0035
Spring 258 20 26 899182 0.0035
Spring 259 20 28 1.01394e+06 0.0035
Spring 260 20 30 2.14629e+06 0.0035
Spring 261 20 32 825788 0.0035
Spring 262 20 34 1.12014e+06 0.0035
Spring 263 20 40 1.31412e+06 0.0035
Spring 264 20 48 949595 0.0035
Spring 265 21 25 1.18597e+06 0.0035
Spring 266 21 29 1.56454e+06 0.0035
Spring 267 21 31 942892 0.0035
Spring 268 21 33 2.049e+06 0.0035
Spring 269 21 35 866040 0.0035
Spring 270 21 41 1.53733e+06 0.0035
Spring 271 21 45 967616 0.0035
Spring 272 21 49 1.71695e+06 0.0035
Spring 273 21 52 901653 0.0035
Spring 274 21 58 904427 0.0035
Spring 275 21 62 1.01173e+06 0.0035
Spring 276 21 66 1.09899e+06 0.0035
Spring 277 21 68 1.45528e+06 0.0035
Spring 278 21 80 1.08977e+06 0.0035
Spring 279 21 86 804060 0.0035
Spring 280 21 94 822265 0.0035
Spring 281 22 28 1.17694e+06 0.0035
Spring 282 22 30 2.18753e+06 0.0035
Spring 283 22 34 1.47937e+06 0.0035
Spring 284 22 38 884422 0.0035
Spring 285 22 40 1.16313e+06 0.0035
Spring 286 22 42 1.08692e+06 0.0035
Spring 287 22 48 829266 0.0035
Spring 288 23 27 1.04751e+06 0.0035
Spring 289 23 31 1.05391e+06 0.0035
Spring 290 23 37 1.34137e+06 0.0035
Spring 291 23 39 917236 0.0035
Spring 292 23 43 2.02886e+06 0.0035
Spring 293 23 45 816785 0.0035
Spring 294 23 47 867755 0.0035
Spring 295 23 50 2.0725e+06 0.0035
Spring 296 23 54 1.75012e+06 0.0035
Spring 297 23 58 1.22987e+06 0.0035
Spring 298 23 60 801420 0.0035
Spring 299 23 62 1.06994e+06 0.0035
Spring 300 23 66 778602 0.0035
Spring 301 23 72 948074 0.0035
Spring 302 23 74 1.11082e+06 0.0035
Spring 303 23 78 936460 0.0035
Spring 304 23 88 1.13318e+06 0.0035
Spring 305 24 28 1.8841e+06 0.0035
Spring 306 24 30 1.60686e+06 0.0035
Spring 307 24 34 1.43334e+06 0.0035
Spring 308 24 38 955686 0.0035
Spring 309 24 40 1.49031e+06 0.0035
Spring 310 24 48 887512 0.0035
Spring 311 25 27 950658 0.0035
Spring 312 25 29 1.6362e+06 0.0035
Spring 313 25 31 1.05921e+06 0.0035
Spring 314 25 33 891889 0.0035
Spring 315 25 35 1.94509e+06 0.0035
Spring 316 25 41 2.19784e+06 0.0035
Spring 317 25 45 1.57401e+06 0.0035
Spring 318 25 49 1.11381e+06 0.0035
Spring 319 25 52 2.14932e+06 0.0035
Spring 320 25 56 1.22578e+06 0.0035
Spring 321 25 64 1.15665e+06 0.0035
Spring 322 25 68 1.43667e+06 0.0035
Spring 323 25 72 873585 0.0035
Spring 324 25 82 1.13885e+06 0.0035
Spring 325 25 94 922491 0.0035
Spring 326 25 97 790102 0.0035
Spring 327 26 30 1.02319e+06 0.0035
Spring 328 26 32 1.9633e+06 0.0035
Spring 329 26 36 2.14765e+06 0.0035
Spring 330 26 40 1.14385e+06 0.0035
Spring 331 26 42 1.22836e+06 0.0035
Spring 332 26 48 1.84082e+06 0.0035
Spring 333 26 51 1.04553e+06 0.0035
Spring 334 26 55 992403 0.0035
Spring 335 26 57 971004 0.0035
Spring 336 26 59 1.31024e+06 0.0035
Spring 337 26 65 888266 0.0035
Spring 338 26 75 806769 0.0035
Spring 339 27 29 1.25815e+06 0.0035
Spring 340 27 31 2.25117e+06 0.0035
Spring 341 27 41 782233 0.0035
Spring 342 27 43 1.81508e+06 0.0035
Spring 343 27 45 2.12707e+06 0.0035
Spring 344 27 50 874879 0.0035
Spring 345 27 54 1.01147e+06 0.0035
Spring 346 27 58 983620 0.0035
Spring 347 27 62 1.46795e+06 0.0035
Spring 348 27 68 1.03286e+06 0.0035
Spring 349 27 72 1.48818e+06 0.0035
Spring 350 27 82 1.07667e+06 0.0035
Spring 351 27 88 959660 0.0035
Spring 352 27 101 855020 0.0035
Spring 353 27 103 894777 0.0035
Spring 354 28 30 1.31439e+06 0.0035
Spring 355 28 34 2.11692e+06 0.0035
Spring 356 28 38 1.70489e+06 0.0035
Spring 357 28 40 1.84723e+06 0.0035
Spring 358 28 42 1.17573e+06 0.0035
Spring 359 28 46 1.19814e+06 0.0035
Spring 360 28 48 1.04314e+06 0.0035
Spring 361 28 53 910448 0.0035
Spring 362 28 55 1.05611e+06 0.0035
Spring 363 29 31 2.18529e+06 0.0035
Spring 364 29 33 1.45366e+06 0.0035
Spring 365 29 35 980384 0.0035
Spring 366 29 39 781642 0.0035
Spring 367 29 41 1.39792e+06 0.0035
Spring 368 29 43 977965 0.0035
Spring 369 29 45 2.14221e+06 0.0035
Spring 370 29 49 1.09127e+06 0.0035
Spring 371 29 52 1.35358e+06 0.0035
Spring 372 29 56 881607 0.0035
Spring 373 29 58 1.16405e+06 0.0035
Spring 374 29 62 1.74702e+06 0.0035
Spring 375 29 64 834972 0.0035
Spring 376 29 66 1.06059e+06 0.0035
Spring 377 29 68 1.96363e+06 0.0035
Spring 378 29 72 1.00375e+06 0.0035
Spring 379 29 80 963963 0.0035
Spring 380 29 82 1.14279e+06 0.0035
Spring 381 29 94 835119 0.0035
Spring 382 29 101 901349 0.0035
Spring 383 29 103 780174 0.0035
Spring 384 30 32 1.0965e+06 0.0035
Spring 385 30 34 2.06897e+06 0.0035
Spring 386 30 40 2.00024e+06 0.0035
Spring 387 30 42 1.91121e+06 0.0035
Spring 388 30 46 813603 0.0035
Spring 389 30 48 1.31191e+06 0.0035
Spring 390 30 55 1.05635e+06 0.0035
Spring 391 30 59 799560 0.0035
Spring 392 31 33 1.06775e+06 0.0035
Spring 393 31 39 818876 0.0035
Spring 394 31 41 907674 0.0035
Spring 395 31 43 1.55308e+06 0.0035
Spring 396 31 45 2.24677e+06 0.0035
Spring 397 31 50 975063 0.0035
Spring 398 31 52 1.12526e+06 0.0035
Spring 399 31 54 892612 0.0035
Spring 400 31 58 1.36117e+06 0.0035
Spring 401 31 62 2.12033e+06 0.0035
Spring 402 31 66 960682 0.0035
Spring 403 31 68 1.32487e+06 0.0035
Spring 404 31 72 1.20173e+06 0.0035
Spring 405 31 80 806549 0.0035
Spring 406 31 82 1.06259e+06 0.0035
Spring 407 31 88 911293 0.0035
Spring 408 31 101 923079 0.0035
Spring 409 31 103 831861 0.0035
Spring 410 32 34 952089 0.0035
Spring 411 32 36 1.48274e+06 0.0035
Spring 412 32 38 827204 0.0035
Spring 413 32 40 1.07228e+06 0.0035
Spring 414 32 42 1.69888e+06 0.0035
Spring 415 32 48 1.68991e+06 0.0035
Spring 416 32 51 1.28895e+06 0.0035
Spring 417 32 53 785825 0.0035
Spring 418 32 55 1.27031e+06 0.0035
Spring 419 32 57 893789 0.0035
Spring 420 32 59 1.2697e+06 0.0035
Spring 421 32 65 1.11224e+06 0.0035
Spring 422 32 71 780810 0.0035
Spring 423 32 75 874364 0.0035
Spring 424 33 39 1.19375e+06 0.0035
Spring 425 33 41 1.09603e+06 0.0035
Spring 426 33 43 783739 0.0035
Spring 427 33 45 978388 0.0035
Spring 428 33 49 1.37727e+06 0.0035
Spring 429 33 50 830150 0.0035
Spring 430 33 52 819347 0.0035
Spring 431 33 56 827329 0.0035
Spring 432 33 58 1.45587e+06 0.0035
Spring 433 33 62 1.34135e+06 0.0035
Spring 434 33 66 2.04222e+06 0.0035
Spring 435 33 68 1.5709e+06 0.0035
Spring 436 33 72 780290 0.0035
Spring 437 33 80 1.38501e+06 0.0035
Spring 438 33 86 841532 0.0035
Spring 439 33 92 803389 0.0035
Spring 440 33 94 836299 0.0035
Spring 441 33 114 825154 0.0035
Spring 442 34 38 2.13919e+06 0.0035
Spring 443 34 40 2.0844e+06 0.0035
Spring 444 34 42 2.13894e+06 0.0035
Spring 445 34 46 1.11548e+06 0.0035
Spring 446 34 53 1.02323e+06 0.0035
Spring 447 34 55 1.45951e+06 0.0035
Spring 448 35 41 1.92314e+06 0.0035
Spring 449 35 45 1.13732e+06 0.0035
Spring 450 35 49 1.08903e+06 0.0035
Spring 451 35 52 2.1875e+06 0.0035
Spring 452 35 56 1.86191e+06 0.0035
Spring 453 35 62 838700 0.0035
Spring 454 35 64 2.2409e+06 0.0035
Spring 455 35 68 1.19854e+06 0.0035
Spring 456 35 72 877249 0.0035
Spring 457 35 76 1.02003e+06 0.0035
Spring 458 35 80 848679 0.0035
Spring 459 35 82 1.28407e+06 0.0035
Spring 460 35 90 983069 0.0035
Spring 461 35 97 1.0551e+06 0.0035
Spring 462 35 127 786181 0.0035
Spring 463 36 40 837724 0.0035
Spring 464 36 42 928779 0.0035
Spring 465 36 44 1.12432e+06 0.0035
Spring 466 36 48 1.32482e+06 0.0035
Spring 467 36 51 1.5937e+06 0.0035
Spring 468 36 57 1.75768e+06 0.0035
Spring 469 36 59 1.57883e+06 0.0035
Spring 470 36 65 1.10696e+06 0.0035
Spring 471 36 71 918667 0.0035
Spring 472 36 75 1.18037e+06 0.0035
Spring 473 36 85 831208 0.0035
Spring 474 36 93 782893 0.0035
Spring 475 37 39 888554 0.0035
Spring 476 37 43 1.13248e+06 0.0035
Spring 477 37 47 1.2527e+06 0.0035
Spring 478 37 50 1.68963e+06 0.0035
Spring 479 37 54 2.12209e+06 0.0035
Spring 480 37 58 940553 0.0035
Spring 481 37 60 1.96069e+06 0.0035
Spring 482 37 70 934913 0.0035
Spring 483 37 72 885918 0.0035
Spring 484 37 74 2.00107e+06 0.0035
Spring 485 37 78 2.04173e+06 0.0035
Spring 486 37 84 842699 0.0035
Spring 487 37 88 1.52067e+06 0.0035
Spring 488 37 92 1.01188e+06 0.0035
Spring 489 37 101 965831 0.0035
Spring 490 37 103 926844 0.0035
Spring 491 37 110 1.18146e+06 0.0035
Spring 492 37 122 1.16469e+06 0.0035
Spring 493 37 147 835376 0.0035
Spring 494 38 40 1.42029e+06 0.0035
Spring 495 38 42 1.49407e+06 0.0035
Spring 496 38 46 1.75876e+06 0.0035
Spring 497 38 48 1.17027e+06 0.0035
Spring 498 38 53 1.77289e+06 0.0035
Spring 499 38 55 1.91214e+06 0.0035
Spring 500 38 59 952104 0.0035
Spring 501 38 61 1.03398e+06 0.0035
Spring 502 38 65 838204 0.0035
Spring 503 38 71 826341 0.0035
Spring 504 38 73 839196 0.0035
Spring 505 39 43 879361 0.0035
Spring 506 39 47 1.62545e+06 0.0035
Spring 507 39 50 1.5133e+06 0.0035
Spring 508 39 54 827135 0.0035
Spring 509 39 58 2.01637e+06 0.0035
Spring 510 39 62 1.09223e+06 0.0035
Spring 511 39 66 1.87659e+06 0.0035
Spring 512 39 68 882489 0.0035
Spring 513 39 70 847412 0.0035
Spring 514 39 74 1.38179e+06 0.0035
Spring 515 39 80 1.02056e+06 0.0035
Spring 516 39 88 959722 0.0035
Spring 517 39 92 1.45515e+06 0.0035
Spring 518 39 101 1.14895e+06 0.0035
Spring 519 39 114 882240 0.0035
Spring 520 39 117 867858 0.0035
Spring 521 39 122 901090 0.0035
Spring 522 40 46 1.25303e+06 0.0035
Spring 523 40 48 2.14231e+06 0.0035
Spring 524 40 53 933334 0.0035
Spring 525 40 59 1.0972e+06 0.0035
Spring 526 41 45 1.23656e+06 0.0035
Spring 527 41 49 2.16582e+06 0.0035
Spring 528 41 52 1.62717e+06 0.0035
Spring 529 41 56 2.24182e+06 0.0035
Spring 530 41 58 782049 0.0035
Spring 531 41 62 1.04241e+06 0.0035
Spring 532 41 66 926786 0.0035
Spring 533 41 68 1.96933e+06 0.0035
Spring 534 41 72 864636 0.0035
Spring 535 41 76 1.03924e+06 0.0035
Spring 536 41 80 1.19384e+06 0.0035
Spring 537 41 82 1.31257e+06 0.0035
Spring 538 41 86 1.0119e+06 0.0035
Spring 539 41 90 816308 0.0035
Spring 540 41 94 1.30923e+06 0.0035
Spring 541 41 97 908221 0.0035
Spring 542 41 103 792464 0.0035
Spring 543 42 48 2.24718e+06 0.0035
Spring 544 42 51 806133 0.0035
Spring 545 42 53 1.06925e+06 0.0035
Spring 546 42 55 2.17992e+06 0.0035
Spring 547 42 61 782457 0.0035
Spring 548 42 65 976655 0.0035
Spring 549 42 71 798181 0.0035
Spring 550 43 45 1.27899e+06 0.0035
Spring 551 43 47 779890 0.0035
Spring 552 43 50 1.57907e+06 0.0035
Spring 553 43 52 871498 0.0035
Spring 554 43 54 2.059e+06 0.0035
Spring 555 43 58 1.39892e+06 0.0035
Spring 556 43 62 1.71628e+06 0.0035
Spring 557 43 66 900161 0.0035
Spring 558 43 68 970926 0.0035
Spring 559 43 72 1.7053e+06 0.0035
Spring 560 43 74 1.09707e+06 0.0035
Spring 561 43 78 1.02743e+06 0.0035
Spring 562 43 82 1.0446e+06 0.0035
Spring 563 43 88 1.59516e+06 0.0035
Spring 564 43 101 1.1267e+06 0.0035
Spring 565 43 103 1.10752e+06 0.0035
Spring 566 43 120 816344 0.0035
Spring 567 44 51 1.69484e+06 0.0035
Spring 568 44 57 2.24117e+06 0.0035
Spring 569 44 59 860778 0.0035
Spring 570 44 63 1.18959e+06 0.0035
Spring 571 44 65 985838 0.0035
Spring 572 44 67 1.96455e+06 0.0035
Spring 573 44 71 803144 0.0035
Spring 574 44 75 1.76508e+06 0.0035
Spring 575 44 81 798607 0.0035
Spring 576 44 83 1.32744e+06 0.0035
Spring 577 44 85 987456 0.0035
Spring 578 44 89 1.29736e+06 0.0035
Spring 579 44 93 1.12417e+06 0.0035
Spring 580 44 102 823532 0.0035
Spring 581 44 104 1.01272e+06 0.0035
Spring 582 44 112 886305 0.0035
Spring 583 45 49 916691 0.0035
Spring 584 45 50 809065 0.0035
Spring 585 45 52 2.22747e+06 0.0035
Spring 586 45 54 841086 0.0035
Spring 587 45 56 887774 0.0035
Spring 588 45 58 1.07214e+06 0.0035
Spring 589 45 62 2.01362e+06 0.0035
Spring 590 45 64 1.06252e+06 0.0035
Spring 591 45 66 927491 0.0035
Spring 592 45 68 1.8159e+06 0.0035
Spring 593 45 72 1.62546e+06 0.0035
Spring 594 45 80 913532 0.0035
Spring 595 45 82 1.66244e+06 0.0035
Spring 596 45 88 954343 0.0035
Spring 597 45 94 940031 0.0035
Spring 598 45 97 913479 0.0035
Spring 599 45 101 1.0261e+06 0.0035
Spring 600 45 103 1.01809e+06 0.0035
Spring 601 46 48 1.26371e+06 0.0035
Spring 602 46 53 1.98293e+06 0.0035
Spring 603 46 55 1.67703e+06 0.0035
Spring 604 46 59 1.30489e+06 0.0035
Spring 605 46 61 1.59153e+06 0.0035
Spring 606 46 65 967377 0.0035
Spring 607 46 69 1.01747e+06 0.0035
Spring 608 46 71 1.25922e+06 0.0035
Spring 609 46 73 1.05667e+06 0.0035
Spring 610 46 85 817321 0.0035
Spring 611 47 50 1.42924e+06 0.0035
Spring 612 47 54 906071 0.0035
Spring 613 47 58 1.08144e+06 0.0035
Spring 614 47 60 1.23266e+06 0.0035
Spring 615 47 66 1.01243e+06 0.0035
Spring 616 47 70 1.53618e+06 0.0035
Spring 617 47 74 2.18557e+06 0.0035
Spring 618 47 78 957372 0.0035
Spring 619 47 84 798913 0.0035
Spring 620 47 88 1.01878e+06 0.0035
Spring 621 47 92 2.02483e+06 0.0035
Spring 622 47 96 907884 0.0035
Spring 623 47 101 1.01559e+06 0.0035
Spring 624 47 110 883548 0.0035
Spring 625 47 114 846280 0.0035
Spring 626 47 117 1.17658e+06 0.0035
Spring 627 47 122 1.29839e+06 0.0035
Spring 628 48 51 915987 0.0035
Spring 629 48 57 854925 0.0035
Spring 630 48 59 2.0005e+06 0.0035
Spring 631 48 61 847630 0.0035
Spring 632 48 65 1.0971e+06 0.0035
Spring 633 48 71 991943 0.0035
Spring 634 48 73 820187 0.0035
Spring 635 48 75 829145 0.0035
Spring 636 49 52 1.00806e+06 0.0035
Spring 637 49 56 1.84452e+06 0.0035
Spring 638 49 58 834909 0.0035
Spring 639 49 62 976936 0.0035
Spring 640 49 64 987972 0.0035
Spring 641 49 66 1.18919e+06 0.0035
Spring 642 49 68 1.71773e+06 0.0035
Spring 643 49 76 1.17561e+06 0.0035
Spring 644 49 80 1.8363e+06 0.0035
Spring 645 49 82 1.10798e+06 0.0035
Spring 646 49 86 1.45238e+06 0.0035
Spring 647 49 90 786018 0.0035
Spring 648 49 101 950257 0.0035
Spring 649 49 105 875091 0.0035
Spring 650 49 114 977734 0.0035
Spring 651 49 127 793751 0.0035
Spring 652 50 54 1.6446e+06 0.0035
Spring 653 50 58 1.91297e+06 0.0035
Spring 654 50 60 1.01236e+06 0.0035
Spring 655 50 62 1.25111e+06 0.0035
Spring 656 50 66 1.09713e+06 0.0035
Spring 657 50 68 820418 0.0035
Spring 658 50 70 802683 0.0035
Spring 659 50 72 994685 0.0035
Spring 660 50 74 2.07546e+06 0.0035
Spring 661 50 78 1.10025e+06 0.0035
Spring 662 50 80 788487 0.0035
Spring 663 50 82 799383 0.0035
Spring 664 50 88 1.48914e+06 0.0035
Spring 665 50 92 1.12714e+06 0.0035
Spring 666 50 101 1.18261e+06 0.0035
Spring 667 50 103 929306 0.0035
Spring 668 50 110 779769 0.0035
Spring 669 50 120 783236 0.0035
Spring 670 50 122 967995 0.0035
Spring 671 51 55 868358 0.0035
Spring 672 51 57 1.68718e+06 0.0035
Spring 673 51 59 1.1717e+06 0.0035
Spring 674 51 65 1.5026e+06 0.0035
Spring 675 51 67 1.10693e+06 0.0035
Spring 676 51 71 904552 0.0035
Spring 677 51 73 855304 0.0035
Spring 678 51 75 1.81417e+06 0.0035
Spring 679 51 83 790787 0.0035
Spring 680 51 85 1.03074e+06 0.0035
Spring 681 51 89 1.14207e+06 0.0035
Spring 682 52 56 1.22524e+06 0.0035
Spring 683 52 58 789566 0.0035
Spring 684 52 62 1.21264e+06 0.0035
Spring 685 52 64 1.82356e+06 0.0035
Spring 686 52 68 1.61274e+06 0.0035
Spring 687 52 72 1.33269e+06 0.0035
Spring 688 52 76 847301 0.0035
Spring 689 52 80 911385 0.0035
Spring 690 52 82 1.93751e+06 0.0035
Spring 691 52 88 809355 0.0035
Spring 692 52 90 859416 0.0035
Spring 693 52 97 1.14848e+06 0.0035
Spring 694 52 101 921233 0.0035
Spring 695 52 103 1.00133e+06 0.0035
Spring 696 53 59 1.13971e+06 0.0035
Spring 697 53 61 2.23429e+06 0.0035
Spring 698 53 65 1.1948e+06 0.0035
Spring 699 53 69 1.09844e+06 0.0035
Spring 700 53 71 1.26605e+06 0.0035
Spring 701 53 73 1.51881e+06 0.0035
Spring 702 53 79 870081 0.0035
Spring 703 53 85 949131 0.0035
Spring 704 54 58 1.05822e+06 0.0035
Spring 705 54 60 1.13282e+06 0.0035
Spring 706 54 62 1.07705e+06 0.0035
Spring 707 54 66 782224 0.0035
Spring 708 54 72 1.3432e+06 0.0035
Spring 709 54 74 1.44603e+06 0.0035
Spring 710 54 78 1.8416e+06 0.0035
Spring 711 54 82 869852 0.0035
Spring 712 54 88 2.17574e+06 0.0035
Spring 713 54 101 1.09807e+06 0.0035
Spring 714 54 103 1.17565e+06 0.0035
Spring 715 54 110 957514 0.0035
Spring 716 54 120 1.05533e+06 0.0035
Spring 717 54 122 967640 0.0035
Spring 718 54 133 810159 0.0035
Spring 719 55 59 1.64651e+06 0.0035
Spring 720 55 61 1.21061e+06 0.0035
Spring 721 55 65 1.41724e+06 0.0035
Spring 722 55 69 821973 0.0035
Spring 723 55 71 1.16011e+06 0.0035
Spring 724 55 73 1.14673e+06 0.0035
Spring 725 55 75 857361 0.0035
Spring 726 55 85 888505 0.0035
Spring 727 56 62 810308 0.0035
Spring 728 56 64 1.62397e+06 0.0035
Spring 729 56 66 800975 0.0035
Spring 730 56 68 1.27901e+06 0.0035
Spring 731 56 76 1.74994e+06 0.0035
Spring 732 56 80 1.17103e+06 0.0035
Spring 733 56 82 1.1993e+06 0.0035
Spring 734 56 86 1.34171e+06 0.0035
Spring 735 56 90 1.12948e+06 0.0035
Spring 736 56 94 1.78746e+06 0.0035
Spring 737 56 101 825448 0.0035
Spring 738 56 103 793984 0.0035
Spring 739 56 105 916345 0.0035
Spring 740 56 111 886841 0.0035
Spring 741 56 127 943783 0.0035
Spring 742 57 59 1.25839e+06 0.0035
Spring 743 57 63 841580 0.0035
Spring 744 57 65 1.18335e+06 0.0035
Spring 745 57 67 1.17017e+06 0.0035
Spring 746 57 71 1.05695e+06 0.0035
Spring 747 57 75 2.08875e+06 0.0035
Spring 748 57 83 1.07086e+06 0.0035
Spring 749 57 85 1.12629e+06 0.0035
Spring 750 57 89 1.13033e+06 0.0035
Spring 751 57 93 1.25061e+06 0.0035
Spring 752 57 102 824128 0.0035
Spring 753 57 104 810757 0.0035
Spring 754 57 112 829592 0.0035
Spring 755 58 62 2.21488e+06 0.0035
Spring 756 58 66 2.02527e+06 0.0035
Spring 757 58 68 1.2684e+06 0.0035
Spring 758 58 72 1.08003e+06 0.0035
Spring 759 58 74 1.31635e+06 0.0035
Spring 760 58 78 812585 0.0035
Spring 761 58 80 1.11887e+06 0.0035
Spring 762 58 92 1.09953e+06 0.0035
Spring 763 58 101 1.44677e+06 0.0035
Spring 764 58 103 964368 0.0035
Spring 765 58 114 854254 0.0035
Spring 766 58 122 844115 0.0035
Spring 767 58 133 779850 0.0035
Spring 768 59 61 1.11631e+06 0.0035
Spring 769 59 65 1.78838e+06 0.0035
Spring 770 59 69 935984 0.0035
Spring 771 59 71 1.79647e+06 0.0035
Spring 772 59 73 1.17881e+06 0.0035
Spring 773 59 75 1.30289e+06 0.0035
Spring 774 59 85 1.17332e+06 0.0035
Spring 775 59 89 852983 0.0035
Spring 776 59 93 927357 0.0035
Spring 777 60 70 1.38792e+06 0.0035
Spring 778 60 74 1.59636e+06 0.0035
Spring 779 60 78 2.00653e+06 0.0035
Spring 780 60 84 1.47547e+06 0.0035
Spring 781 60 88 1.16755e+06 0.0035
Spring 782 60 92 1.1078e+06 0.0035
Spring 783 60 96 977663 0.0035
Spring 784 60 101 881297 0.0035
Spring 785 60 103 867690 0.0035
Spring 786 60 117 1.04532e+06 0.0035
Spring 787 60 120 1.12659e+06 0.0035
Spring 788 60 122 1.64473e+06 0.0035
Spring 789 60 124 1.09566e+06 0.0035
Spring 790 60 133 968329 0.0035
Spring 791 60 143 914546 0.0035
Spring 792 60 151 922061 0.0035
Spring 793 61 65 1.19787e+06 0.0035
Spring 794 61 69 2.1448e+06 0.0035
Spring 795 61 71 1.88339e+06 0.0035
Spring 796 61 73 2.24425e+06 0.0035
Spring 797 61 75 863563 0.0035
Spring 798 61 79 1.2192e+06 0.0035
Spring 799 61 85 1.24562e+06 0.0035
Spring 800 61 87 1.04146e+06 0.0035
Spring 801 61 89 786247 0.0035
Spring 802 61 95 864582 0.0035
Spring 803 61 102 870330 0.0035
Spring 804 62 64 869704 0.0035
Spring 805 62 66 1.53109e+06 0.0035
Spring 806 62 68 2.114e+06 0.0035
Spring 807 62 72 1.71936e+06 0.0035
Spring 808 62 74 1.02847e+06 0.0035
Spring 809 62 78 810513 0.0035
Spring 810 62 80 1.21374e+06 0.0035
Spring 811 62 82 1.61484e+06 0.0035
Spring 812 62 88 1.35481e+06 0.0035
Spring 813 62 92 883916 0.0035
Spring 814 62 94 979050 0.0035
Spring 815 62 97 894946 0.0035
Spring 816 62 101 1.62032e+06 0.0035
Spring 817 62 103 1.2261e+06 0.0035
Spring 818 62 114 863056 0.0035
Spring 819 62 122 781774 0.0035
Spring 820 62 133 803795 0.0035
Spring 821 63 67 2.02603e+06 0.0035
Spring 822 63 75 886122 0.0035
Spring 823 63 77 1.81546e+06 0.0035
Spring 824 63 81 2.1117e+06 0.0035
Spring 825 63 83 2.14658e+06 0.0035
Spring 826 63 89 1.06372e+06 0.0035
Spring 827 63 91 1.2975e+06 0.0035
Spring 828 63 93 944317 0.0035
Spring 829 63 98 785571 0.0035
Spring 830 63 104 2.1918e+06 0.0035
Spring 831 63 106 1.08737e+06 0.0035
Spring 832 63 112 1.17147e+06 0.0035
Spring 833 63 115 878163 0.0035
Spring 834 63 128 824556 0.0035
Spring 835 63 129 980344 0.0035
Spring 836 63 140 850089 0.0035
Spring 837 63 146 813227 0.0035
Spring 838 64 68 1.15975e+06 0.0035
Spring 839 64 72 1.07619e+06 0.0035
Spring 840 64 80 935235 0.0035
Spring 841 64 82 1.75869e+06 0.0035
Spring 842 64 86 967755 0.0035
Spring 843 64 90 1.57661e+06 0.0035
Spring 844 64 94 1.80574e+06 0.0035
Spring 845 64 97 1.91936e+06 0.0035
Spring 846 64 101 901292 0.0035
Spring 847 64 103 1.07016e+06 0.0035
Spring 848 64 105 794777 0.0035
Spring 849 64 107 1.0818e+06 0.0035
Spring 850 64 111 924696 0.0035
Spring 851 64 127 1.1423e+06 0.0035
Spring 852 64 142 818214 0.0035
Spring 853 65 67 885017 0.0035
Spring 854 65 71 1.72034e+06 0.0035
Spring 855 65 73 1.8935e+06 0.0035
Spring 856 65 75 1.96903e+06 0.0035
Spring 857 65 79 902040 0.0035
Spring 858 65 85 1.88652e+06 0.0035
Spring 859 65 87 807911 0.0035
Spring 860 65 89 1.31895e+06 0.0035
Spring 861 65 93 1.10136e+06 0.0035
Spring 862 65 102 960068 0.0035
Spring 863 66 68 1.50465e+06 0.0035
Spring 864 66 72 929020 0.0035
Spring 865 66 74 1.10795e+06 0.0035
Spring 866 66 80 2.09701e+06 0.0035
Spring 867 66 82 1.07024e+06 0.0035
Spring 868 66 86 1.01322e+06 0.0035
Spring 869 66 88 1.03056e+06 0.0035
Spring 870 66 92 1.31606e+06 0.0035
Spring 871 66 94 986236 0.0035
Spring 872 66 103 967955 0.0035
Spring 873 66 114 1.22836e+06 0.0035
Spring 874 66 117 873196 0.0035
Spring 875 66 122 894605 0.0035
Spring 876 66 133 912826 0.0035
Spring 877 67 75 1.45586e+06 0.0035
Spring 878 67 77 1.0153e+06 0.0035
Spring 879 67 81 1.26087e+06 0.0035
Spring 880 67 83 1.83253e+06 0.0035
Spring 881 67 85 1.04508e+06 0.0035
Spring 882 67 89 1.90636e+06 0.0035
Spring 883 67 91 824762 0.0035
Spring 884 67 93 1.24377e+06 0.0035
Spring 885 67 102 1.054e+06 0.0035
Spring 886 67 104 1.84199e+06 0.0035
Spring 887 67 106 809554 0.0035
Spring 888 67 112 1.223e+06 0.0035
Spring 889 67 115 988720 0.0035
Spring 890 67 126 991785 0.0035
Spring 891 67 129 843254 0.0035
Spring 892 68 72 1.27521e+06 0.0035
Spring 893 68 74 782303 0.0035
Spring 894 68 76 928120 0.0035
Spring 895 68 80 1.73529e+06 0.0035
Spring 896 68 82 2.04582e+06 0.0035
Spring 897 68 86 1.04358e+06 0.0035
Spring 898 68 88 967204 0.0035
Spring 899 68 90 780342 0.0035
Spring 900 68 92 790304 0.0035
Spring 901 68 94 1.4114e+06 0.0035
Spring 902 68 97 1.02815e+06 0.0035
Spring 903 68 101 1.40043e+06 0.0035
Spring 904 68 103 1.1033e+06 0.0035
Spring 905 68 114 968132 0.0035
Spring 906 68 127 817282 0.0035
Spring 907 68 133 798898 0.0035
Spring 908 69 71 1.89518e+06 0.0035
Spring 909 69 73 1.76253e+06 0.0035
Spring 910 69 75 897910 0.0035
Spring 911 69 79 1.5665e+06 0.0035
Spring 912 69 85 1.45262e+06 0.0035
Spring 913 69 87 1.9716e+06 0.0035
Spring 914 69 89 870168 0.0035
Spring 915 69 93 1.12266e+06 0.0035
Spring 916 69 95 1.28722e+06 0.0035
Spring 917 69 100 805585 0.0035
Spring 918 69 102 1.17544e+06 0.0035
Spring 919 69 109 823581 0.0035
Spring 920 69 112 819563 0.0035
Spring 921 69 115 802849 0.0035
Spring 922 69 121 828114 0.0035
Spring 923 70 74 1.23559e+06 0.0035
Spring 924 70 78 919155 0.0035
Spring 925 70 84 1.33384e+06 0.0035
Spring 926 70 88 824701 0.0035
Spring 927 70 92 1.59977e+06 0.0035
Spring 928 70 96 2.1731e+06 0.0035
Spring 929 70 99 878376 0.0035
Spring 930 70 110 1.15876e+06 0.0035
Spring 931 70 114 873478 0.0035
Spring 932 70 117 1.97378e+06 0.0035
Spring 933 70 120 818327 0.0035
Spring 934 70 122 1.6805e+06 0.0035
Spring 935 70 124 894174 0.0035
Spring 936 70 133 1.02232e+06 0.0035
Spring 937 70 135 1.05979e+06 0.0035
Spring 938 70 143 1.07904e+06 0.0035
Spring 939 70 147 1.04382e+06 0.0035
Spring 940 70 151 1.26705e+06 0.0035
Spring 941 70 152 912702 0.0035
Spring 942 70 165 784987 0.0035
Spring 943 71 73 2.11316e+06 0.0035
Spring 944 71 75 1.38917e+06 0.0035
Spring 945 71 79 1.05208e+06 0.0035
Spring 946 71 85 2.08006e+06 0.0035
Spring 947 71 87 1.21192e+06 0.0035
Spring 948 71 89 1.0541e+06 0.0035
Spring 949 71 93 1.35306e+06 0.0035
Spring 950 71 95 856624 0.0035
Spring 951 71 102 1.08545e+06 0.0035
Spring 952 71 112 817264 0.0035
Spring 953 72 74 972394 0.0035
Spring 954 72 78 1.05548e+06 0.0035
Spring 955 72 80 942254 0.0035
Spring 956 72 82 2.16685e+06 0.0035
Spring 957 72 88 1.87251e+06 0.0035
Spring 958 72 90 783752 0.0035
Spring 959 72 92 793325 0.0035
Spring 960 72 94 1.05434e+06 0.0035
Spring 961 72 97 1.30746e+06 0.0035
Spring 962 72 103 2.21554e+06 0.0035
Spring 963 72 107 826711 0.0035
Spring 964 72 120 1.11333e+06 0.0035
Spring 965 72 122 852272 0.0035
Spring 966 72 127 864016 0.0035
Spring 967 72 133 928876 0.0035
Spring 968 72 142 814693 0.0035
Spring 969 73 75 1.22344e+06 0.0035
Spring 970 73 79 1.57064e+06 0.0035
Spring 971 73 85 2.25362e+06 0.0035
Spring 972 73 87 1.12736e+06 0.0035
Spring 973 73 89 1.16812e+06 0.0035
Spring 974 73 93 1.12838e+06 0.0035
Spring 975 73 95 967244 0.0035
Spring 976 73 102 1.20012e+06 0.0035
Spring 977 73 115 850224 0.0035
Spring 978 74 80 876402 0.0035
Spring 979 74 82 827244 0.0035
Spring 980 74 84 832599 0.0035
Spring 981 74 88 1.88607e+06 0.0035
Spring 982 74 92 1.96593e+06 0.0035
Spring 983 74 96 823587 0.0035
Spring 984 74 101 1.50583e+06 0.0035
Spring 985 74 103 1.12759e+06 0.0035
Spring 986 74 110 1.14483e+06 0.0035
Spring 987 74 114 961130 0.0035
Spring 988 74 117 1.1663e+06 0.0035
Spring 989 74 120 1.05516e+06 0.0035
Spring 990 74 122 1.78035e+06 0.0035
Spring 991 74 133 1.11985e+06 0.0035
Spring 992 74 147 958106 0.0035
Spring 993 74 151 791439 0.0035
Spring 994 75 83 1.11274e+06 0.0035
Spring 995 75 85 2.09913e+06 0.0035
Spring 996 75 87 870514 0.0035
Spring 997 75 89 2.15528e+06 0.0035
Spring 998 75 93 1.76263e+06 0.0035
Spring 999 75 102 1.18409e+06 0.0035
Spring 1000 75 104 973534 0.0035
Spring 1001 75 112 1.02384e+06 0.0035
Spring 1002 75 115 862705 0.0035
Spring 1003 76 80 1.1684e+06 0.0035
Spring 1004 76 82 1.04255e+06 0.0035
Spring 1005 76 86 2.21035e+06 0.0035
Spring 1006 76 90 1.8284e+06 0.0035
Spring 1007 76 94 2.24837e+06 0.0035
Spring 1008 76 97 1.26701e+06 0.0035
Spring 1009 76 101 865206 0.0035
Spring 1010 76 103 860532 0.0035
Spring 1011 76 105 1.73242e+06 0.0035
Spring 1012 76 107 1.00151e+06 0.0035
Spring 1013 76 111 1.71699e+06 0.0035
Spring 1014 76 114 1.14334e+06 0.0035
Spring 1015 76 125 961779 0.0035
Spring 1016 76 130 889404 0.0035
Spring 1017 76 141 1.05496e+06 0.0035
Spring 1018 76 152 866480 0.0035
Spring 1019 76 159 821962 0.0035
Spring 1020 77 81 1.61588e+06 0.0035
Spring 1021 77 83 1.5903e+06 0.0035
Spring 1022 77 93 809276 0.0035
Spring 1023 77 98 982737 0.0035
Spring 1024 77 104 1.56796e+06 0.0035
Spring 1025 77 106 1.20015e+06 0.0035
Spring 1026 77 108 888203 0.0035
Spring 1027 77 112 1.15049e+06 0.0035
Spring 1028 77 121 819577 0.0035
Spring 1029 77 126 1.99108e+06 0.0035
Spring 1030 77 128 1.40243e+06 0.0035
Spring 1031 77 129 1.32161e+06 0.0035
Spring 1032 77 140 958391 0.0035
Spring 1033 77 144 935492 0.0035
Spring 1034 77 153 951528 0.0035
Spring 1035 77 161 791258 0.0035
Spring 1036 78 82 798826 0.0035
Spring 1037 78 84 969556 0.0035
Spring 1038 78 88 1.98544e+06 0.0035
Spring 1039 78 92 994807 0.0035
Spring 1040 78 97 787729 0.0035
Spring 1041 78 101 1.10176e+06 0.0035
Spring 1042 78 103 1.29409e+06 0.0035
Spring 1043 78 110 1.97127e+06 0.0035
Spring 1044 78 117 896843 0.0035
Spring 1045 78 120 1.79901e+06 0.0035
Spring 1046 78 122 1.49751e+06 0.0035
Spring 1047 78 124 945843 0.0035
Spring 1048 78 142 874688 0.0035
Spring 1049 78 147 1.23766e+06 0.0035
Spring 1050 78 151 807544 0.0035
Spring 1051 79 85 1.32909e+06 0.0035
Spring 1052 79 87 1.45353e+06 0.0035
Spring 1053 79 89 989713 0.0035
Spring 1054 79 93 990496 0.0035
Spring 1055 79 95 1.93523e+06 0.0035
Spring 1056 79 100 1.34984e+06 0.0035
Spring 1057 79 102 1.49978e+06 0.0035
Spring 1058 79 109 1.07683e+06 0.0035
Spring 1059 79 112 888264 0.0035
Spring 1060 79 115 1.16932e+06 0.0035
Spring 1061 79 121 962527 0.0035
Spring 1062 79 132 910076 0.0035
Spring 1063 80 86 1.91025e+06 0.0035
Spring 1064 80 88 940522 0.0035
Spring 1065 80 90 838566 0.0035
Spring 1066 80 92 1.10318e+06 0.0035
Spring 1067 80 94 1.67623e+06 0.0035
Spring 1068 80 97 1.01099e+06 0.0035
Spring 1069 80 101 1.70486e+06 0.0035
Spring 1070 80 103 1.08997e+06 0.0035
Spring 1071 80 105 1.09018e+06 0.0035
Spring 1072 80 111 793020 0.0035
Spring 1073 80 114 1.85976e+06 0.0035
Spring 1074 80 117 893023 0.0035
Spring 1075 80 122 877813 0.0035
Spring 1076 80 127 1.01362e+06 0.0035
Spring 1077 80 133 1.08593e+06 0.0035
Spring 1078 80 141 805591 0.0035
Spring 1079 80 152 849216 0.0035
Spring 1080 81 89 901570 0.0035
Spring 1081 81 91 1.99952e+06 0.0035
Spring 1082 81 98 1.14515e+06 0.0035
Spring 1083 81 102 795932 0.0035
Spring 1084 81 106 2.16182e+06 0.0035
Spring 1085 81 115 964619 0.0035
Spring 1086 81 126 1.83936e+06 0.0035
Spring 1087 81 128 979645 0.0035
Spring 1088 81 129 1.03776e+06 0.0035
Spring 1089 81 132 786097 0.0035
Spring 1090 81 140 1.21229e+06 0.0035
Spring 1091 81 144 793491 0.0035
Spring 1092 81 146 1.16639e+06 0.0035
Spring 1093 81 153 798248 0.0035
Spring 1094 81 157 793466 0.0035
Spring 1095 82 86 1.0318e+06 0.0035
Spring 1096 82 88 1.23859e+06 0.0035
Spring 1097 82 90 1.05152e+06 0.0035
Spring 1098 82 92 795546 0.0035
Spring 1099 82 94 1.9064e+06 0.0035
Spring 1100 82 97 1.88488e+06 0.0035
Spring 1101 82 101 1.66549e+06 0.0035
Spring 1102 82 103 1.91541e+06 0.0035
Spring 1103 82 105 792578 0.0035
Spring 1104 82 107 938562 0.0035
Spring 1105 82 111 780804 0.0035
Spring 1106 82 114 1.03974e+06 0.0035
Spring 1107 82 120 959909 0.0035
Spring 1108 82 122 802558 0.0035
Spring 1109 82 127 1.11456e+06 0.0035
Spring 1110 82 133 996813 0.0035
Spring 1111 82 142 867501 0.0035
Spring 1112 83 85 942714 0.0035
Spring 1113 83 87 788456 0.0035
Spring 1114 83 89 1.25584e+06 0.0035
Spring 1115 83 91 966210 0.0035
Spring 1116 83 93 1.48087e+06 0.0035
Spring 1117 83 104 2.20641e+06 0.0035
Spring 1118 83 106 830446 0.0035
Spring 1119 83 112 1.80543e+06 0.0035
Spring 1120 83 115 978001 0.0035
Spring 1121 83 121 921710 0.0035
Spring 1122 83 126 1.30883e+06 0.0035
Spring 1123 83 128 785787 0.0035
Spring 1124 83 129 1.20577e+06 0.0035
Spring 1125 84 92 813614 0.0035
Spring 1126 84 96 1.41596e+06 0.0035
Spring 1127 84 99 1.37495e+06 0.0035
Spring 1128 84 110 1.70652e+06 0.0035
Spring 1129 84 116 1.47587e+06 0.0035
Spring 1130 84 117 1.00387e+06 0.0035
Spring 1131 84 120 879125 0.0035
Spring 1132 84 122 1.15431e+06 0.0035
Spring 1133 84 124 2.12238e+06 0.0035
Spring 1134 84 133 840298 0.0035
Spring 1135 84 135 1.12754e+06 0.0035
Spring 1136 84 143 1.93728e+06 0.0035
Spring 1137 84 147 1.20002e+06 0.0035
Spring 1138 84 151 1.27513e+06 0.0035
Spring 1139 84 152 800677 0.0035
Spring 1140 84 154 1.02024e+06 0.0035
Spring 1141 84 158 1.12941e+06 0.0035
Spring 1142 84 163 829045 0.0035
Spring 1143 84 174 814578 0.0035
Spring 1144 85 89 2.03479e+06 0.0035
Spring 1145 85 93 2.15051e+06 0.0035
Spring 1146 85 95 1.02652e+06 0.0035
Spring 1147 85 100 792001 0.0035
Spring 1148 85 102 1.88461e+06 0.0035
Spring 1149 85 104 926079 0.0035
Spring 1150 85 112 1.15492e+06 0.0035
Spring 1151 85 115 1.08528e+06 0.0035
Spring 1152 85 121 873494 0.0035
Spring 1153 86 90 1.10025e+06 0.0035
Spring 1154 86 92 837631 0.0035
Spring 1155 86 94 1.95238e+06 0.0035
Spring 1156 86 97 1.05064e+06 0.0035
Spring 1157 86 101 1.06377e+06 0.0035
Spring 1158 86 103 898793 0.0035
Spring 1159 86 105 2.18311e+06 0.0035
Spring 1160 86 107 811659 0.0035
Spring 1161 86 111 1.19495e+06 0.0035
Spring 1162 86 114 1.83967e+06 0.0035
Spring 1163 86 117 830879 0.0035
Spring 1164 86 125 800166 0.0035
Spring 1165 86 130 840388 0.0035
Spring 1166 86 133 1.05343e+06 0.0035
Spring 1167 86 141 1.13739e+06 0.0035
Spring 1168 86 152 996717 0.0035
Spring 1169 87 93 1.43773e+06 0.0035
Spring 1170 87 95 2.10842e+06 0.0035
Spring 1171 87 100 1.03634e+06 0.0035
Spring 1172 87 102 1.70296e+06 0.0035
Spring 1173 87 104 783089 0.0035
Spring 1174 87 109 1.23123e+06 0.0035
Spring 1175 87 115 1.05718e+06 0.0035
Spring 1176 87 118 869784 0.0035
Spring 1177 87 121 1.37498e+06 0.0035
Spring 1178 87 129 894652 0.0035
Spring 1179 87 132 900746 0.0035
Spring 1180 88 92 1.18124e+06 0.0035
Spring 1181 88 94 885974 0.0035
Spring 1182 88 97 1.01352e+06 0.0035
Spring 1183 88 101 2.07921e+06 0.0035
Spring 1184 88 103 2.24926e+06 0.0035
Spring 1185 88 110 1.12163e+06 0.0035
Spring 1186 88 117 911388 0.0035
Spring 1187 88 120 1.53421e+06 0.0035
Spring 1188 88 122 1.40126e+06 0.0035
Spring 1189 88 127 840180 0.0035
Spring 1190 88 133 1.23879e+06 0.0035
Spring 1191 88 142 880026 0.0035
Spring 1192 88 147 1.02406e+06 0.0035
Spring 1193 88 152 781397 0.0035
Spring 1194 89 93 1.80987e+06 0.0035
Spring 1195 89 102 1.7859e+06 0.0035
Spring 1196 89 104 1.4118e+06 0.0035
Spring 1197 89 112 1.39554e+06 0.0035
Spring 1198 89 115 1.35175e+06 0.0035
Spring 1199 89 121 876758 0.0035
Spring 1200 89 126 866742 0.0035
Spring 1201 89 129 846594 0.0035
Spring 1202 89 132 790860 0.0035
Spring 1203 90 94 1.61731e+06 0.0035
Spring 1204 90 97 1.9138e+06 0.0035
Spring 1205 90 101 805449 0.0035
Spring 1206 90 103 962564 0.0035
Spring 1207 90 105 1.13709e+06 0.0035
Spring 1208 90 107 1.91367e+06 0.0035
Spring 1209 90 111 2.03528e+06 0.0035
Spring 1210 90 114 906964 0.0035
Spring 1211 90 120 810006 0.0035
Spring 1212 90 125 1.20135e+06 0.0035
Spring 1213 90 127 2.14834e+06 0.0035
Spring 1214 90 130 891985 0.0035
Spring 1215 90 133 902234 0.0035
Spring 1216 90 134 1.05448e+06 0.0035
Spring 1217 90 139 807589 0.0035
Spring 1218 90 141 974609 0.0035
Spring 1219 90 159 988928 0.0035
Spring 1220 90 163 819272 0.0035
Spring 1221 91 98 1.82389e+06 0.0035
Spring 1222 91 104 1.19271e+06 0.0035
Spring 1223 91 106 2.24201e+06 0.0035
Spring 1224 91 108 1.22458e+06 0.0035
Spring 1225 91 112 858065 0.0035
Spring 1226 91 113 812729 0.0035
Spring 1227 91 119 1.02132e+06 0.0035
Spring 1228 91 128 1.64621e+06 0.0035
Spring 1229 91 129 1.03502e+06 0.0035
Spring 1230 91 140 1.13249e+06 0.0035
Spring 1231 91 144 883815 0.0035
Spring 1232 91 146 1.56486e+06 0.0035
Spring 1233 91 153 1.05639e+06 0.0035
Spring 1234 91 157 898354 0.0035
Spring 1235 91 161 1.02546e+06 0.0035
Spring 1236 92 96 1.05117e+06 0.0035
Spring 1237 92 101 1.50989e+06 0.0035
Spring 1238 92 103 999974 0.0035
Spring 1239 92 117 2.108e+06 0.0035
Spring 1240 92 122 2.02809e+06 0.0035
Spring 1241 92 133 1.39898e+06 0.0035
Spring 1242 92 147 1.00829e+06 0.0035
Spring 1243 92 151 980394 0.0035
Spring 1244 92 152 999779 0.0035
Spring 1245 93 102 2.11867e+06 0.0035
Spring 1246 93 104 1.24308e+06 0.0035
Spring 1247 93 109 803987 0.0035
Spring 1248 93 112 1.91816e+06 0.0035
Spring 1249 93 121 1.10544e+06 0.0035
Spring 1250 93 126 872093 0.0035
Spring 1251 93 129 1.00594e+06 0.0035
Spring 1252 93 132 798255 0.0035
Spring 1253 94 97 2.00254e+06 0.0035
Spring 1254 94 101 1.3106e+06 0.0035
Spring 1255 94 103 1.30606e+06 0.0035
Spring 1256 94 105 1.27786e+06 0.0035
Spring 1257 94 107 1.08862e+06 0.0035
Spring 1258 94 111 1.199e+06 0.0035
Spring 1259 94 114 1.40529e+06 0.0035
Spring 1260 94 120 863424 0.0035
Spring 1261 94 122 781646 0.0035
Spring 1262 94 125 794485 0.0035
Spring 1263 94 127 1.74827e+06 0.0035
Spring 1264 94 133 1.11238e+06 0.0035
Spring 1265 94 141 920879 0.0035
Spring 1266 94 142 987393 0.0035
Spring 1267 94 152 898820 0.0035
Spring 1268 95 100 1.92319e+06 0.0035
Spring 1269 95 102 1.57146e+06 0.0035
Spring 1270 95 109 2.19292e+06 0.0035
Spring 1271 95 112 1.06293e+06 0.0035
Spring 1272 95 115 1.29344e+06 0.0035
Spring 1273 95 118 1.11573e+06 0.0035
Spring 1274 95 123 920344 0.0035
Spring 1275 95 132 1.25458e+06 0.0035
Spring 1276 95 144 794672 0.0035
Spring 1277 95 149 790239 0.0035
Spring 1278 96 99 1.28747e+06 0.0035
Spring 1279 96 110 1.01734e+06 0.0035
Spring 1280 96 114 805082 0.0035
Spring 1281 96 116 915248 0.0035
Spring 1282 96 117 1.71462e+06 0.0035
Spring 1283 96 122 1.22371e+06 0.0035
Spring 1284 96 124 994722 0.0035
Spring 1285 96 133 947611 0.0035
Spring 1286 96 135 2.04238e+06 0.0035
Spring 1287 96 143 1.6162e+06 0.0035
Spring 1288 96 147 1.06318e+06 0.0035
Spring 1289 96 151 1.88973e+06 0.0035
Spring 1290 96 152 1.03351e+06 0.0035
Spring 1291 96 154 889119 0.0035
Spring 1292 96 160 804479 0.0035
Spring 1293 96 163 811556 0.0035
Spring 1294 96 164 818016 0.0035
Spring 1295 96 165 1.1309e+06 0.0035
Spring 1296 96 174 793782 0.0035
Spring 1297 97 101 1.20139e+06 0.0035
Spring 1298 97 103 1.83752e+06 0.0035
Spring 1299 97 105 949974 0.0035
Spring 1300 97 107 1.85963e+06 0.0035
Spring 1301 97 111 1.14039e+06 0.0035
Spring 1302 97 120 1.18149e+06 0.0035
Spring 1303 97 122 820011 0.0035
Spring 1304 97 125 844058 0.0035
Spring 1305 97 127 2.03654e+06 0.0035
Spring 1306 97 133 1.17515e+06 0.0035
Spring 1307 97 134 909089 0.0035
Spring 1308 97 141 849200 0.0035
Spring 1309 97 142 1.38359e+06 0.0035
Spring 1310 97 147 891009 0.0035
Spring 1311 97 152 897879 0.0035
Spring 1312 97 159 853234 0.0035
Spring 1313 97 163 846758 0.0035
Spring 1314 98 104 800831 0.0035
Spring 1315 98 106 2.12928e+06 0.0035
Spring 1316 98 108 1.67023e+06 0.0035
Spring 1317 98 113 1.17332e+06 0.0035
Spring 1318 98 119 2.21163e+06 0.0035
Spring 1319 98 126 1.12757e+06 0.0035
Spring 1320 98 128 1.38901e+06 0.0035
Spring 1321 98 129 802822 0.0035
Spring 1322 98 131 1.03007e+06 0.0035
Spring 1323 98 138 848902 0.0035
Spring 1324 98 140 1.15143e+06 0.0035
Spring 1325 98 146 2.09008e+06 0.0035
Spring 1326 98 149 804099 0.0035
Spring 1327 98 153 1.12668e+06 0.0035
Spring 1328 98 157 1.26904e+06 0.0035
Spring 1329 98 161 1.52105e+06 0.0035
Spring 1330 98 164 853737 0.0035
Spring 1331 98 166 880436 0.0035
Spring 1332 98 170 894314 0.0035
Spring 1333 99 110 817142 0.0035
Spring 1334 99 113 1.10029e+06 0.0035
Spring 1335 99 116 1.85501e+06 0.0035
Spring 1336 99 119 869226 0.0035
Spring 1337 99 124 1.19442e+06 0.0035
Spring 1338 99 131 1.58945e+06 0.0035
Spring 1339 99 135 1.8464e+06 0.0035
Spring 1340 99 138 1.03883e+06 0.0035
Spring 1341 99 147 812191 0.0035
Spring 1342 99 151 1.14532e+06 0.0035
Spring 1343 99 154 1.8938e+06 0.0035
Spring 1344 99 158 1.10488e+06 0.0035
Spring 1345 99 164 1.37089e+06 0.0035
Spring 1346 99 165 1.07422e+06 0.0035
Spring 1347 99 174 1.12534e+06 0.0035
Spring 1348 100 102 1.1993e+06 0.0035
Spring 1349 100 109 2.23474e+06 0.0035
Spring 1350 100 112 934145 0.0035
Spring 1351 100 115 1.52939e+06 0.0035
Spring 1352 100 118 1.19792e+06 0.0035
Spring 1353 100 121 1.36658e+06 0.0035
Spring 1354 100 123 1.43924e+06 0.0035
Spring 1355 100 129 893146 0.0035
Spring 1356 100 132 2.04236e+06 0.0035
Spring 1357 100 136 824193 0.0035
Spring 1358 100 137 870280 0.0035
Spring 1359 100 140 933677 0.0035
Spring 1360 100 144 860092 0.0035
Spring 1361 100 149 1.13921e+06 0.0035
Spring 1362 100 156 804407 0.0035
Spring 1363 101 103 2.21018e+06 0.0035
Spring 1364 101 105 852381 0.0035
Spring 1365 101 107 804830 0.0035
Spring 1366 101 110 888392 0.0035
Spring 1367 101 114 1.6159e+06 0.0035
Spring 1368 101 117 1.07805e+06 0.0035
Spring 1369 101 120 1.20448e+06 0.0035
Spring 1370 101 122 1.3838e+06 0.0035
Spring 1371 101 127 1.05863e+06 0.0035
Spring 1372 101 133 1.5779e+06 0.0035
Spring 1373 101 142 925219 0.0035
Spring 1374 101 147 977134 0.0035
Spring 1375 101 152 933465 0.0035
Spring 1376 102 104 1.27692e+06 0.0035
Spring 1377 102 109 1.13635e+06 0.0035
Spring 1378 102 112 2.1124e+06 0.0035
Spring 1379 102 115 2.21424e+06 0.0035
Spring 1380 102 118 812678 0.0035
Spring 1381 102 121 1.54772e+06 0.0035
Spring 1382 102 126 955246 0.0035
Spring 1383 102 132 1.16845e+06 0.0035
Spring 1384 102 140 863470 0.0035
Spring 1385 102 144 809489 0.0035
Spring 1386 103 105 795904 0.0035
Spring 1387 103 107 1.10199e+06 0.0035
Spring 1388 103 110 988381 0.0035
Spring 1389 103 111 788392 0.0035
Spring 1390 103 114 1.17406e+06 0.0035
Spring 1391 103 117 885474 0.0035
Spring 1392 103 120 1.88466e+06 0.0035
Spring 1393 103 122 1.22067e+06 0.0035
Spring 1394 103 127 1.26446e+06 0.0035
Spring 1395 103 133 1.55939e+06 0.0035
Spring 1396 103 142 1.2313e+06 0.0035
Spring 1397 103 147 1.12309e+06 0.0035
Spring 1398 103 152 926880 0.0035
Spring 1399 103 163 833659 0.0035
Spring 1400 104 106 1.17669e+06 0.0035
Spring 1401 104 112 2.14531e+06 0.0035
Spring 1402 104 115 1.44316e+06 0.0035
Spring 1403 104 121 1.0708e+06 0.0035
Spring 1404 104 126 2.08426e+06 0.0035
Spring 1405 104 128 876508 0.0035
Spring 1406 104 132 968316 0.0035
Spring 1407 104 140 1.17854e+06 0.0035
Spring 1408 104 144 908350 0.0035
Spring 1409 104 146 958272 0.0035
Spring 1410 104 149 778768 0.0035
Spring 1411 105 107 891465 0.0035
Spring 1412 105 111 1.7602e+06 0.0035
Spring 1413 105 114 1.58228e+06 0.0035
Spring 1414 105 117 880270 0.0035
Spring 1415 105 127 1.54756e+06 0.0035
Spring 1416 105 130 1.3505e+06 0.0035
Spring 1417 105 133 1.10871e+06 0.0035
Spring 1418 105 139 778500 0.0035
Spring 1419 105 141 2.18205e+06 0.0035
Spring 1420 105 142 971563 0.0035
Spring 1421 105 151 798542 0.0035
Spring 1422 105 152 1.35553e+06 0.0035
Spring 1423 105 159 1.07199e+06 0.0035
Spring 1424 105 160 1.08489e+06 0.0035
Spring 1425 105 163 850137 0.0035
Spring 1426 106 108 1.00968e+06 0.0035
Spring 1427 106 112 837589 0.0035
Spring 1428 106 115 860303 0.0035
Spring 1429 106 119 1.11778e+06 0.0035
Spring 1430 106 126 1.64308e+06 0.0035
Spring 1431 106 128 1.16665e+06 0.0035
Spring 1432 106 140 1.61405e+06 0.0035
Spring 1433 106 144 870944 0.0035
Spring 1434 106 149 898319 0.0035
Spring 1435 106 153 987491 0.0035
Spring 1436 106 157 1.15286e+06 0.0035
Spring 1437 106 161 1.08184e+06 0.0035
Spring 1438 106 166 842513 0.0035
Spring 1439 107 111 1.3671e+06 0.0035
Spring 1440 107 114 837427 0.0035
Spring 1441 107 120 1.12252e+06 0.0035
Spring 1442 107 127 1.96919e+06 0.0035
Spring 1443 107 133 1.02944e+06 0.0035
Spring 1444 107 134 1.67811e+06 0.0035
Spring 1445 107 139 905239 0.0035
Spring 1446 107 141 938481 0.0035
Spring 1447 107 142 2.1037e+06 0.0035
Spring 1448 107 147 953219 0.0035
Spring 1449 107 152 952407 0.0035
Spring 1450 107 155 890051 0.0035
Spring 1451 107 159 1.22507e+06 0.0035
Spring 1452 107 163 1.14628e+06 0.0035
Spring 1453 107 173 809560 0.0035
Spring 1454 108 113 2.16424e+06 0.0035
Spring 1455 108 119 1.69674e+06 0.0035
Spring 1456 108 126 890759 0.0035
Spring 1457 108 128 1.88537e+06 0.0035
Spring 1458 108 131 1.18368e+06 0.0035
Spring 1459 108 138 1.46342e+06 0.0035
Spring 1460 108 140 820444 0.0035
Spring 1461 108 153 1.36194e+06 0.0035
Spring 1462 108 154 940130 0.0035
Spring 1463 108 157 982730 0.0035
Spring 1464 108 161 1.68705e+06 0.0035
Spring 1465 108 164 957772 0.0035
Spring 1466 108 166 835568 0.0035
Spring 1467 108 167 1.0137e+06 0.0035
Spring 1468 108 169 857699 0.0035
Spring 1469 108 170 845639 0.0035
Spring 1470 108 174 810710 0.0035
Spring 1471 109 115 1.22214e+06 0.0035
Spring 1472 109 118 2.16959e+06 0.0035
Spring 1473 109 121 2.05777e+06 0.0035
Spring 1474 109 123 1.43666e+06 0.0035
Spring 1475 109 129 1.06166e+06 0.0035
Spring 1476 109 132 1.87046e+06 0.0035
Spring 1477 109 136 1.01884e+06 0.0035
Spring 1478 109 137 900724 0.0035
Spring 1479 109 140 883604 0.0035
Spring 1480 109 156 996194 0.0035
Spring 1481 109 166 828844 0.0035
Spring 1482 110 114 789751 0.0035
Spring 1483 110 116 956996 0.0035
Spring 1484 110 117 1.10406e+06 0.0035
Spring 1485 110 120 1.72842e+06 0.0035
Spring 1486 110 124 1.73778e+06 0.0035
Spring 1487 110 133 1.22703e+06 0.0035
Spring 1488 110 135 825763 0.0035
Spring 1489 110 143 1.19006e+06 0.0035
Spring 1490 110 147 2.08402e+06 0.0035
Spring 1491 110 158 1.09238e+06 0.0035
Spring 1492 110 163 1.01861e+06 0.0035
Spring 1493 111 114 985560 0.0035
Spring 1494 111 125 2.18419e+06 0.0035
Spring 1495 111 127 2.07114e+06 0.0035
Spring 1496 111 130 1.55398e+06 0.0035
Spring 1497 111 133 940327 0.0035
Spring 1498 111 134 1.19737e+06 0.0035
Spring 1499 111 139 1.09925e+06 0.0035
Spring 1500 111 141 1.59775e+06 0.0035
Spring 1501 111 142 1.1967e+06 0.0035
Spring 1502 111 145 826093 0.0035
Spring 1503 111 152 1.09154e+06 0.0035
Spring 1504 111 155 809728 0.0035
Spring 1505 111 159 1.42724e+06 0.0035
Spring 1506 111 160 1.00167e+06 0.0035
Spring 1507 111 173 847436 0.0035
Spring 1508 112 115 1.75282e+06 0.0035
Spring 1509 112 118 846891 0.0035
Spring 1510 112 121 1.80309e+06 0.0035
Spring 1511 112 126 1.52576e+06 0.0035
Spring 1512 112 128 797610 0.0035
Spring 1513 112 129 2.02088e+06 0.0035
Spring 1514 112 132 1.1686e+06 0.0035
Spring 1515 112 140 1.04617e+06 0.0035
Spring 1516 112 144 1.06158e+06 0.0035
Spring 1517 112 146 825212 0.0035
Spring 1518 112 149 812668 0.0035
Spring 1519 113 116 1.14137e+06 0.0035
Spring 1520 113 119 1.82077e+06 0.0035
Spring 1521 113 128 1.03327e+06 0.0035
Spring 1522 113 131 2.12961e+06 0.0035
Spring 1523 113 138 2.24709e+06 0.0035
Spring 1524 113 143 844977 0.0035
Spring 1525 113 146 954766 0.0035
Spring 1526 113 153 973981 0.0035
Spring 1527 113 154 1.49592e+06 0.0035
Spring 1528 113 158 826948 0.0035
Spring 1529 113 164 1.34857e+06 0.0035
Spring 1530 113 167 1.17217e+06 0.0035
Spring 1531 113 169 823810 0.0035
Spring 1532 113 170 917390 0.0035
Spring 1533 113 174 1.04426e+06 0.0035
Spring 1534 114 117 1.47678e+06 0.0035
Spring 1535 114 122 1.27425e+06 0.0035
Spring 1536 114 127 1.38044e+06 0.0035
Spring 1537 114 130 820127 0.0035
Spring 1538 114 141 1.26604e+06 0.0035
Spring 1539 114 151 971924 0.0035
Spring 1540 114 152 1.53611e+06 0.0035
Spring 1541 114 159 852595 0.0035
Spring 1542 114 160 852659 0.0035
Spring 1543 114 163 857305 0.0035
Spring 1544 115 118 894897 0.0035
Spring 1545 115 121 1.58468e+06 0.0035
Spring 1546 115 123 890617 0.0035
Spring 1547 115 126 1.19836e+06 0.0035
Spring 1548 115 132 1.87151e+06 0.0035
Spring 1549 115 140 1.30767e+06 0.0035
Spring 1550 115 146 838180 0.0035
Spring 1551 115 149 1.06393e+06 0.0035
Spring 1552 116 124 2.02518e+06 0.0035
Spring 1553 116 131 1.1616e+06 0.0035
Spring 1554 116 135 1.08302e+06 0.0035
Spring 1555 116 138 1.4345e+06 0.0035
Spring 1556 116 143 1.92045e+06 0.0035
Spring 1557 116 147 903179 0.0035
Spring 1558 116 154 2.25583e+06 0.0035
Spring 1559 116 158 1.67167e+06 0.0035
Spring 1560 116 163 847783 0.0035
Spring 1561 116 164 1.13665e+06 0.0035
Spring 1562 116 165 893173 0.0035
Spring 1563 116 167 1.06758e+06 0.0035
Spring 1564 116 174 1.25488e+06 0.0035
Spring 1565 117 120 973990 0.0035
Spring 1566 117 122 2.23051e+06 0.0035
Spring 1567 117 133 1.72071e+06 0.0035
Spring 1568 117 135 1.08958e+06 0.0035
Spring 1569 117 141 979469 0.0035
Spring 1570 117 143 1.03691e+06 0.0035
Spring 1571 117 151 1.73805e+06 0.0035
Spring 1572 117 152 1.54709e+06 0.0035
Spring 1573 117 160 872993 0.0035
Spring 1574 117 163 911622 0.0035
Spring 1575 117 165 968821 0.0035
Spring 1576 118 121 1.56943e+06 0.0035
Spring 1577 118 123 1.5495e+06 0.0035
Spring 1578 118 129 1.08113e+06 0.0035
Spring 1579 118 132 1.45725e+06 0.0035
Spring 1580 118 136 1.67409e+06 0.0035
Spring 1581 118 137 1.11302e+06 0.0035
Spring 1582 118 140 878083 0.0035
Spring 1583 118 144 1.44202e+06 0.0035
Spring 1584 118 149 1.17787e+06 0.0035
Spring 1585 118 150 922734 0.0035
Spring 1586 118 153 876398 0.0035
Spring 1587 118 156 1.61582e+06 0.0035
Spring 1588 118 162 806424 0.0035
Spring 1589 118 169 874657 0.0035
Spring 1590 119 128 1.04343e+06 0.0035
Spring 1591 119 131 1.89703e+06 0.0035
Spring 1592 119 138 1.08183e+06 0.0035
Spring 1593 119 140 859468 0.0035
Spring 1594 119 146 1.33158e+06 0.0035
Spring 1595 119 153 984601 0.0035
Spring 1596 119 154 1.00122e+06 0.0035
Spring 1597 119 157 1.21395e+06 0.0035
Spring 1598 119 161 1.58747e+06 0.0035
Spring 1599 119 164 1.25706e+06 0.0035
Spring 1600 119 166 852582 0.0035
Spring 1601 119 167 884769 0.0035
Spring 1602 119 170 1.08977e+06 0.0035
Spring 1603 119 174 852447 0.0035
Spring 1604 120 122 1.5151e+06 0.0035
Spring 1605 120 124 1.00741e+06 0.0035
Spring 1606 120 127 1.11465e+06 0.0035
Spring 1607 120 133 1.71024e+06 0.0035
Spring 1608 120 134 877838 0.0035
Spring 1609 120 141 783392 0.0035
Spring 1610 120 142 1.68079e+06 0.0035
Spring 1611 120 143 816564 0.0035
Spring 1612 120 147 2.08512e+06 0.0035
Spring 1613 120 158 908286 0.0035
Spring 1614 120 159 860140 0.0035
Spring 1615 120 163 1.18595e+06 0.0035
Spring 1616 121 123 1.00497e+06 0.0035
Spring 1617 121 132 1.87836e+06 0.0035
Spring 1618 121 136 850798 0.0035
Spring 1619 121 140 1.08291e+06 0.0035
Spring 1620 121 144 1.49662e+06 0.0035
Spring 1621 121 146 822522 0.0035
Spring 1622 121 149 1.06416e+06 0.0035
Spring 1623 121 153 868256 0.0035
Spring 1624 121 156 1.00352e+06 0.0035
Spring 1625 121 166 853155 0.0035
Spring 1626 122 124 995958 0.0035
Spring 1627 122 135 865080 0.0035
Spring 1628 122 141 826385 0.0035
Spring 1629 122 142 1.0288e+06 0.0035
Spring 1630 122 143 1.00296e+06 0.0035
Spring 1631 122 147 1.88354e+06 0.0035
Spring 1632 122 151 1.39403e+06 0.0035
Spring 1633 122 152 1.27283e+06 0.0035
Spring 1634 122 158 830206 0.0035
Spring 1635 122 163 960802 0.0035
Spring 1636 122 165 791826 0.0035
Spring 1637 123 132 1.61317e+06 0.0035
Spring 1638 123 136 1.5905e+06 0.0035
Spring 1639 123 137 2.18749e+06 0.0035
Spring 1640 123 140 964386 0.0035
Spring 1641 123 144 995919 0.0035
Spring 1642 123 148 1.03599e+06 0.0035
Spring 1643 123 149 1.79783e+06 0.0035
Spring 1644 123 150 875798 0.0035
Spring 1645 123 156 1.27131e+06 0.0035
Spring 1646 123 157 905926 0.0035
Spring 1647 123 162 1.17921e+06 0.0035
Spring 1648 123 166 1.21961e+06 0.0035
Spring 1649 123 168 784454 0.0035
Spring 1650 123 169 820208 0.0035
Spring 1651 123 171 817864 0.0035
Spring 1652 124 135 989952 0.0035
Spring 1653 124 138 905344 0.0035
Spring 1654 124 142 851553 0.0035
Spring 1655 124 143 1.90912e+06 0.0035
Spring 1656 124 147 1.42203e+06 0.0035
Spring 1657 124 151 1.23305e+06 0.0035
Spring 1658 124 152 838181 0.0035
Spring 1659 124 154 1.24911e+06 0.0035
Spring 1660 124 158 1.98764e+06 0.0035
Spring 1661 124 163 1.07883e+06 0.0035
Spring 1662 124 164 839514 0.0035
Spring 1663 124 165 871080 0.0035
Spring 1664 124 167 849229 0.0035
Spring 1665 124 174 1.03573e+06 0.0035
Spring 1666 125 127 1.28808e+06 0.0035
Spring 1667 125 130 2.21285e+06 0.0035
Spring 1668 125 133 805576 0.0035
Spring 1669 125 134 1.71689e+06 0.0035
Spring 1670 125 139 2.21154e+06 0.0035
Spring 1671 125 141 1.46903e+06 0.0035
Spring 1672 125 142 1.15443e+06 0.0035
Spring 1673 125 145 1.19307e+06 0.0035
Spring 1674 125 148 830141 0.0035
Spring 1675 125 152 1.02988e+06 0.0035
Spring 1676 125 155 1.19457e+06 0.0035
Spring 1677 125 159 2.22396e+06 0.0035
Spring 1678 125 160 1.21931e+06 0.0035
Spring 1679 125 163 1.11802e+06 0.0035
Spring 1680 125 168 816779 0.0035
Spring 1681 125 171 914051 0.0035
Spring 1682 125 172 793657 0.0035
Spring 1683 125 173 1.22553e+06 0.0035
Spring 1684 126 128 1.43938e+06 0.0035
Spring 1685 126 129 2.24172e+06 0.0035
Spring 1686 126 140 1.79046e+06 0.0035
Spring 1687 126 144 1.37227e+06 0.0035
Spring 1688 126 146 1.64454e+06 0.0035
Spring 1689 126 149 998675 0.0035
Spring 1690 126 153 1.22486e+06 0.0035
Spring 1691 126 156 836735 0.0035
Spring 1692 126 157 985800 0.0035
Spring 1693 126 161 989612 0.0035
Spring 1694 126 166 903807 0.0035
Spring 1695 127 130 1.06717e+06 0.0035
Spring 1696 127 134 1.19964e+06 0.0035
Spring 1697 127 139 857340 0.0035
Spring 1698 127 141 1.44304e+06 0.0035
Spring 1699 127 142 1.97731e+06 0.0035
Spring 1700 127 147 1.06029e+06 0.0035
Spring 1701 127 151 832268 0.0035
Spring 1702 127 152 1.39664e+06 0.0035
Spring 1703 127 159 1.33683e+06 0.0035
Spring 1704 127 160 921463 0.0035
Spring 1705 127 163 1.15717e+06 0.0035
Spring 1706 127 173 803557 0.0035
Spring 1707 128 129 1.18214e+06 0.0035
Spring 1708 128 138 955275 0.0035
Spring 1709 128 144 1.26788e+06 0.0035
Spring 1710 128 146 1.71204e+06 0.0035
Spring 1711 128 156 885907 0.0035
Spring 1712 128 157 1.01532e+06 0.0035
Spring 1713 128 161 1.52703e+06 0.0035
Spring 1714 128 166 949978 0.0035
Spring 1715 128 167 862598 0.0035
Spring 1716 128 169 908851 0.0035
Spring 1717 129 132 1.3627e+06 0.0035
Spring 1718 129 144 2.12022e+06 0.0035
Spring 1719 129 146 1.16397e+06 0.0035
Spring 1720 129 149 1.04715e+06 0.0035
Spring 1721 129 153 1.23383e+06 0.0035
Spring 1722 129 156 1.02384e+06 0.0035
Spring 1723 129 161 872177 0.0035
Spring 1724 129 166 940893 0.0035
Spring 1725 130 133 813590 0.0035
Spring 1726 130 134 1.09049e+06 0.0035
Spring 1727 130 139 1.53922e+06 0.0035
Spring 1728 130 142 950675 0.0035
Spring 1729 130 145 1.60341e+06 0.0035
Spring 1730 130 148 916072 0.0035
Spring 1731 130 151 810699 0.0035
Spring 1732 130 152 1.19309e+06 0.0035
Spring 1733 130 155 966876 0.0035
Spring 1734 130 159 1.85261e+06 0.0035
Spring 1735 130 160 2.0172e+06 0.0035
Spring 1736 130 163 1.04165e+06 0.0035
Spring 1737 130 165 989296 0.0035
Spring 1738 130 168 1.01925e+06 0.0035
Spring 1739 130 171 956972 0.0035
Spring 1740 130 173 1.24555e+06 0.0035
Spring 1741 131 135 1.11454e+06 0.0035
Spring 1742 131 138 1.36699e+06 0.0035
Spring 1743 131 143 1.05276e+06 0.0035
Spring 1744 131 146 856221 0.0035
Spring 1745 131 153 795022 0.0035
Spring 1746 131 154 1.80605e+06 0.0035
Spring 1747 131 157 924277 0.0035
Spring 1748 131 158 873095 0.0035
Spring 1749 131 161 1.17699e+06 0.0035
Spring 1750 131 164 2.21258e+06 0.0035
Spring 1751 131 165 940826 0.0035
Spring 1752 131 167 1.05317e+06 0.0035
Spring 1753 131 170 1.12672e+06 0.0035
Spring 1754 131 174 1.19987e+06 0.0035
Spring 1755 132 136 985405 0.0035
Spring 1756 132 137 1.01403e+06 0.0035
Spring 1757 132 140 1.61344e+06 0.0035
Spring 1758 132 144 1.37075e+06 0.0035
Spring 1759 132 146 975291 0.0035
Spring 1760 132 149 2.03779e+06 0.0035
Spring 1761 132 153 899638 0.0035
Spring 1762 132 156 1.12968e+06 0.0035
Spring 1763 132 157 985979 0.0035
Spring 1764 132 161 778877 0.0035
Spring 1765 132 162 840004 0.0035
Spring 1766 132 166 1.13847e+06 0.0035
Spring 1767 133 134 857657 0.0035
Spring 1768 133 135 797753 0.0035
Spring 1769 133 141 1.20831e+06 0.0035
Spring 1770 133 142 1.62491e+06 0.0035
Spring 1771 133 143 874017 0.0035
Spring 1772 133 152 2.10649e+06 0.0035
Spring 1773 133 158 839791 0.0035
Spring 1774 133 160 916715 0.0035
Spring 1775 133 163 1.25797e+06 0.0035
Spring 1776 133 165 861307 0.0035
Spring 1777 134 141 1.02046e+06 0.0035
Spring 1778 134 142 1.69517e+06 0.0035
Spring 1779 134 145 873034 0.0035
Spring 1780 134 147 937742 0.0035
Spring 1781 134 150 805743 0.0035
Spring 1782 134 152 987236 0.0035
Spring 1783 134 155 1.88703e+06 0.0035
Spring 1784 134 158 908888 0.0035
Spring 1785 134 159 2.15671e+06 0.0035
Spring 1786 134 160 971950 0.0035
Spring 1787 134 163 1.6452e+06 0.0035
Spring 1788 134 171 917957 0.0035
Spring 1789 134 172 1.00473e+06 0.0035
Spring 1790 134 173 1.41005e+06 0.0035
Spring 1791 134 174 807807 0.0035
Spring 1792 135 141 786684 0.0035
Spring 1793 135 143 2.04412e+06 0.0035
Spring 1794 135 152 1.01068e+06 0.0035
Spring 1795 135 154 1.29546e+06 0.0035
Spring 1796 135 158 1.04467e+06 0.0035
Spring 1797 135 160 993286 0.0035
Spring 1798 135 163 891021 0.0035
Spring 1799 135 164 1.32694e+06 0.0035
Spring 1800 135 165 1.90322e+06 0.0035
Spring 1801 135 170 844814 0.0035
Spring 1802 135 174 1.14328e+06 0.0035
Spring 1803 136 137 1.97847e+06 0.0035
Spring 1804 136 144 1.09398e+06 0.0035
Spring 1805 136 145 831454 0.0035
Spring 1806 136 148 1.35743e+06 0.0035
Spring 1807 136 149 1.1694e+06 0.0035
Spring 1808 136 150 1.80909e+06 0.0035
Spring 1809 136 153 877237 0.0035
Spring 1810 136 155 787585 0.0035
Spring 1811 136 156 2.21078e+06 0.0035
Spring 1812 136 157 848575 0.0035
Spring 1813 136 162 1.21386e+06 0.0035
Spring 1814 136 166 1.34449e+06 0.0035
Spring 1815 136 168 896169 0.0035
Spring 1816 136 169 1.24425e+06 0.0035
Spring 1817 136 170 806626 0.0035
Spring 1818 136 171 1.20847e+06 0.0035
Spring 1819 136 172 919602 0.0035
Spring 1820 137 140 829311 0.0035
Spring 1821 137 145 1.03224e+06 0.0035
Spring 1822 137 148 1.95908e+06 0.0035
Spring 1823 137 149 1.45285e+06 0.0035
Spring 1824 137 156 1.35725e+06 0.0035
Spring 1825 137 157 976267 0.0035
Spring 1826 137 162 2.04641e+06 0.0035
Spring 1827 137 166 1.42758e+06 0.0035
Spring 1828 137 168 1.16001e+06 0.0035
Spring 1829 137 169 1.0086e+06 0.0035
Spring 1830 137 170 958671 0.0035
Spring 1831 137 171 1.23748e+06 0.0035
Spring 1832 138 143 937746 0.0035
Spring 1833 138 146 821769 0.0035
Spring 1834 138 153 1.01356e+06 0.0035
Spring 1835 138 154 1.87146e+06 0.0035
Spring 1836 138 157 802846 0.0035
Spring 1837 138 158 1.11864e+06 0.0035
Spring 1838 138 161 1.23601e+06 0.0035
Spring 1839 138 164 1.31004e+06 0.0035
Spring 1840 138 167 1.89198e+06 0.0035
Spring 1841 138 170 895458 0.0035
Spring 1842 138 172 981401 0.0035
Spring 1843 138 174 1.35723e+06 0.0035
Spring 1844 139 141 1.02602e+06 0.0035
Spring 1845 139 142 920712 0.0035
Spring 1846 139 145 1.61766e+06 0.0035
Spring 1847 139 148 1.19585e+06 0.0035
Spring 1848 139 150 1.09848e+06 0.0035
Spring 1849 139 152 832153 0.0035
Spring 1850 139 155 1.90032e+06 0.0035
Spring 1851 139 159 1.77451e+06 0.0035
Spring 1852 139 160 1.139e+06 0.0035
Spring 1853 139 162 815906 0.0035
Spring 1854 139 163 1.05741e+06 0.0035
Spring 1855 139 165 799277 0.0035
Spring 1856 139 168 1.03348e+06 0.0035
Spring 1857 139 169 783977 0.0035
Spring 1858 139 171 1.41884e+06 0.0035
Spring 1859 139 172 1.08449e+06 0.0035
Spring 1860 139 173 1.69268e+06 0.0035
Spring 1861 140 146 2.10823e+06 0.0035
Spring 1862 140 149 1.90934e+06 0.0035
Spring 1863 140 156 1.01266e+06 0.0035
Spring 1864 140 157 1.66548e+06 0.0035
Spring 1865 140 161 1.17509e+06 0.0035
Spring 1866 140 162 870099 0.0035
Spring 1867 140 166 1.34329e+06 0.0035
Spring 1868 140 169 808549 0.0035
Spring 1869 140 170 888730 0.0035
Spring 1870 141 142 1.18718e+06 0.0035
Spring 1871 141 145 997982 0.0035
Spring 1872 141 151 1.07774e+06 0.0035
Spring 1873 141 155 823682 0.0035
Spring 1874 141 159 1.76575e+06 0.0035
Spring 1875 141 160 2.09404e+06 0.0035
Spring 1876 141 165 1.12293e+06 0.0035
Spring 1877 141 168 825720 0.0035
Spring 1878 141 173 1.06506e+06 0.0035
Spring 1879 142 143 792064 0.0035
Spring 1880 142 147 1.69538e+06 0.0035
Spring 1881 142 151 1.03605e+06 0.0035
Spring 1882 142 155 985992 0.0035
Spring 1883 142 158 993459 0.0035
Spring 1884 142 159 1.64773e+06 0.0035
Spring 1885 142 163 2.15194e+06 0.0035
Spring 1886 142 165 829288 0.0035
Spring 1887 142 173 1.01632e+06 0.0035
Spring 1888 143 147 1.28155e+06 0.0035
Spring 1889 143 151 2.0374e+06 0.0035
Spring 1890 143 152 998301 0.0035
Spring 1891 143 154 1.7533e+06 0.0035
Spring 1892 143 158 1.71837e+06 0.0035
Spring 1893 143 163 1.08444e+06 0.0035
Spring 1894 143 164 1.20918e+06 0.0035
Spring 1895 143 165 1.36516e+06 0.0035
Spring 1896 143 167 902705 0.0035
Spring 1897 143 174 1.32536e+06 0.0035
Spring 1898 144 146 1.2988e+06 0.0035
Spring 1899 144 149 1.34573e+06 0.0035
Spring 1900 144 150 844434 0.0035
Spring 1901 144 153 1.97817e+06 0.0035
Spring 1902 144 156 1.91867e+06 0.0035
Spring 1903 144 161 1.14471e+06 0.0035
Spring 1904 144 162 825608 0.0035
Spring 1905 144 166 1.46268e+06 0.0035
Spring 1906 144 167 785930 0.0035
Spring 1907 144 169 1.15288e+06 0.0035
Spring 1908 145 148 2.07189e+06 0.0035
Spring 1909 145 150 1.00021e+06 0.0035
Spring 1910 145 152 779392 0.0035
Spring 1911 145 155 1.0581e+06 0.0035
Spring 1912 145 159 1.1639e+06 0.0035
Spring 1913 145 160 1.40556e+06 0.0035
Spring 1914 145 162 1.28339e+06 0.0035
Spring 1915 145 163 826564 0.0035
Spring 1916 145 165 940935 0.0035
Spring 1917 145 166 794457 0.0035
Spring 1918 145 168 1.91355e+06 0.0035
Spring 1919 145 169 817201 0.0035
Spring 1920 145 170 927375 0.0035
Spring 1921 145 171 1.68603e+06 0.0035
Spring 1922 145 172 953304 0.0035
Spring 1923 145 173 1.40524e+06 0.0035
Spring 1924 145 174 830428 0.0035
Spring 1925 146 153 1.83502e+06 0.0035
Spring 1926 146 161 2.16488e+06 0.0035
Spring 1927 146 162 839233 0.0035
Spring 1928 146 164 839897 0.0035
Spring 1929 146 166 1.3733e+06 0.0035
Spring 1930 146 167 830978 0.0035
Spring 1931 146 169 947778 0.0035
Spring 1932 146 170 1.05285e+06 0.0035
Spring 1933 147 151 1.8158e+06 0.0035
Spring 1934 147 154 829489 0.0035
Spring 1935 147 158 1.34335e+06 0.0035
Spring 1936 147 159 1.06855e+06 0.0035
Spring 1937 147 160 913545 0.0035
Spring 1938 147 163 1.81871e+06 0.0035
Spring 1939 147 165 993033 0.0035
Spring 1940 147 173 883415 0.0035
Spring 1941 147 174 879035 0.0035
Spring 1942 148 149 909556 0.0035
Spring 1943 148 150 1.44216e+06 0.0035
Spring 1944 148 155 992149 0.0035
Spring 1945 148 156 1.03259e+06 0.0035
Spring 1946 148 157 826189 0.0035
Spring 1947 148 159 829556 0.0035
Spring 1948 148 160 893650 0.0035
Spring 1949 148 162 2.00201e+06 0.0035
Spring 1950 148 166 1.0974e+06 0.0035
Spring 1951 148 168 1.77896e+06 0.0035
Spring 1952 148 169 1.04106e+06 0.0035
Spring 1953 148 170 1.01446e+06 0.0035
Spring 1954 148 171 2.20014e+06 0.0035
Spring 1955 148 172 1.02709e+06 0.0035
Spring 1956 148 173 1.12625e+06 0.0035
Spring 1957 148 174 789672 0.0035
Spring 1958 149 150 811329 0.0035
Spring 1959 149 153 1.08487e+06 0.0035
Spring 1960 149 156 1.4355e+06 0.0035
Spring 1961 149 157 1.68118e+06 0.0035
Spring 1962 149 161 1.05384e+06 0.0035
Spring 1963 149 162 1.36283e+06 0.0035
Spring 1964 149 168 867229 0.0035
Spring 1965 149 170 1.04128e+06 0.0035
Spring 1966 149 171 829882 0.0035
Spring 1967 150 153 830556 0.0035
Spring 1968 150 155 1.36241e+06 0.0035
Spring 1969 150 156 1.46363e+06 0.0035
Spring 1970 150 159 779584 0.0035
Spring 1971 150 162 1.09523e+06 0.0035
Spring 1972 150 166 1.09806e+06 0.0035
Spring 1973 150 167 980872 0.0035
Spring 1974 150 168 1.02626e+06 0.0035
Spring 1975 150 169 1.64928e+06 0.0035
Spring 1976 150 170 844079 0.0035
Spring 1977 150 171 1.97497e+06 0.0035
Spring 1978 150 172 1.58093e+06 0.0035
Spring 1979 150 173 1.1277e+06 0.0035
Spring 1980 150 174 843044 0.0035
Spring 1981 151 152 1.86588e+06 0.0035
Spring 1982 151 154 1.05499e+06 0.0035
Spring 1983 151 160 1.20824e+06 0.0035
Spring 1984 151 164 953617 0.0035
Spring 1985 151 165 1.78193e+06 0.0035
Spring 1986 151 173 952434 0.0035
Spring 1987 151 174 1.09463e+06 0.0035
Spring 1988 152 158 960296 0.0035
Spring 1989 152 160 1.6125e+06 0.0035
Spring 1990 152 165 1.33052e+06 0.0035
Spring 1991 152 173 1.03471e+06 0.0035
Spring 1992 152 174 854258 0.0035
Spring 1993 153 156 1.44827e+06 0.0035
Spring 1994 153 161 2.23971e+06 0.0035
Spring 1995 153 164 844417 0.0035
Spring 1996 153 166 1.55757e+06 0.0035
Spring 1997 153 167 1.13683e+06 0.0035
Spring 1998 153 169 1.49027e+06 0.0035
Spring 1999 153 171 789578 0.0035
Spring 2000 153 172 881895 0.0035
Spring 2001 153 174 813757 0.0035
Spring 2002 154 158 1.67504e+06 0.0035
Spring 2003 154 160 780782 0.0035
Spring 2004 154 161 989812 0.0035
Spring 2005 154 164 2.24296e+06 0.0035
Spring 2006 154 165 1.18818e+06 0.0035
Spring 2007 154 167 1.5653e+06 0.0035
Spring 2008 154 169 883278 0.0035
Spring 2009 154 170 1.02583e+06 0.0035
Spring 2010 154 173 917748 0.0035
Spring 2011 155 158 994996 0.0035
Spring 2012 155 159 1.50736e+06 0.0035
Spring 2013 155 160 963433 0.0035
Spring 2014 155 162 788336 0.0035
Spring 2015 155 163 1.30324e+06 0.0035
Spring 2016 155 165 827471 0.0035
Spring 2017 155 167 1.01001e+06 0.0035
Spring 2018 155 168 964464 0.0035
Spring 2019 155 169 1.03316e+06 0.0035
Spring 2020 155 171 1.54232e+06 0.0035
Spring 2021 155 172 1.92523e+06 0.0035
Spring 2022 155 173 2.22235e+06 0.0035
Spring 2023 155 174 1.04597e+06 0.0035
Spring 2024 156 161 1.09731e+06 0.0035
Spring 2025 156 166 2.15821e+06 0.0035
Spring 2026 156 167 944644 0.0035
Spring 2027 156 168 884727 0.0035
Spring 2028 156 169 1.88142e+06 0.0035
Spring 2029 156 170 954820 0.0035
Spring 2030 156 171 1.12125e+06 0.0035
Spring 2031 156 172 1.02025e+06 0.0035
Spring 2032 157 161 2.08813e+06 0.0035
Spring 2033 157 162 1.34839e+06 0.0035
Spring 2034 157 164 1.05415e+06 0.0035
Spring 2035 157 166 2.25064e+06 0.0035
Spring 2036 157 167 928879 0.0035
Spring 2037 157 168 1.021e+06 0.0035
Spring 2038 157 169 1.13057e+06 0.0035
Spring 2039 157 170 1.88739e+06 0.0035
Spring 2040 157 171 877263 0.0035
Spring 2041 157 172 797844 0.0035
Spring 2042 157 174 854150 0.0035
Spring 2043 158 159 982423 0.0035
Spring 2044 158 160 888942 0.0035
Spring 2045 158 163 1.62213e+06 0.0035
Spring 2046 158 164 1.11386e+06 0.0035
Spring 2047 158 165 1.15305e+06 0.0035
Spring 2048 158 167 1.31707e+06 0.0035
Spring 2049 158 169 818191 0.0035
Spring 2050 158 171 814311 0.0035
Spring 2051 158 172 1.17672e+06 0.0035
Spring 2052 158 173 1.18851e+06 0.0035
Spring 2053 158 174 1.86715e+06 0.0035
Spring 2054 159 160 1.74721e+06 0.0035
Spring 2055 159 163 2.15504e+06 0.0035
Spring 2056 159 165 1.10494e+06 0.0035
Spring 2057 159 168 950815 0.0035
Spring 2058 159 171 1.05029e+06 0.0035
Spring 2059 159 172 1.01704e+06 0.0035
Spring 2060 159 173 1.97658e+06 0.0035
Spring 2061 159 174 956203 0.0035
Spring 2062 160 162 831576 0.0035
Spring 2063 160 164 889305 0.0035
Spring 2064 160 165 1.93154e+06 0.0035
Spring 2065 160 168 1.31217e+06 0.0035
Spring 2066 160 170 879548 0.0035
Spring 2067 160 171 1.04502e+06 0.0035
Spring 2068 160 174 1.04228e+06 0.0035
Spring 2069 161 162 970396 0.0035
Spring 2070 161 164 1.26011e+06 0.0035
Spring 2071 161 167 1.3288e+06 0.0035
Spring 2072 161 168 871497 0.0035
Spring 2073 161 169 1.37867e+06 0.0035
Spring 2074 161 171 844582 0.0035
Spring 2075 161 172 922843 0.0035
Spring 2076 161 174 1.03585e+06 0.0035
Spring 2077 162 164 896015 0.0035
Spring 2078 162 165 811073 0.0035
Spring 2079 162 166 1.79138e+06 0.0035
Spring 2080 162 167 859775 0.0035
Spring 2081 162 168 2.25177e+06 0.0035
Spring 2082 162 169 1.18318e+06 0.0035
Spring 2083 162 170 1.70561e+06 0.0035
Spring 2084 162 171 1.60775e+06 0.0035
Spring 2085 162 172 975203 0.0035
Spring 2086 162 173 966853 0.0035
Spring 2087 162 174 881791 0.0035
Spring 2088 163 165 1.21341e+06 0.0035
Spring 2089 163 167 876389 0.0035
Spring 2090 163 171 888687 0.0035
Spring 2091 163 172 1.06578e+06 0.0035
Spring 2092 163 173 1.6369e+06 0.0035
Spring 2093 163 174 1.18394e+06 0.0035
Spring 2094 164 165 1.43897e+06 0.0035
Spring 2095 164 166 914309 0.0035
Spring 2096 164 167 1.43374e+06 0.0035
Spring 2097 164 168 1.09563e+06 0.0035
Spring 2098 164 169 991142 0.0035
Spring 2099 164 170 1.75928e+06 0.0035
Spring 2100 164 172 1.01647e+06 0.0035
Spring 2101 164 173 979261 0.0035
Spring 2102 164 174 2.18569e+06 0.0035
Spring 2103 165 168 1.21173e+06 0.0035
Spring 2104 165 170 1.09182e+06 0.0035
Spring 2105 165 171 927992 0.0035
Spring 2106 165 172 918066 0.0035
Spring 2107 165 173 1.29224e+06 0.0035
Spring 2108 166 167 1.03294e+06 0.0035
Spring 2109 166 168 1.15314e+06 0.0035
Spring 2110 166 170 1.55654e+06 0.0035
Spring 2111 166 171 1.18202e+06 0.0035
Spring 2112 166 172 1.00173e+06 0.0035
Spring 2113 166 173 796273 0.0035
Spring 2114 166 174 877808 0.0035
Spring 2115 167 169 1.84699e+06 0.0035
Spring 2116 167 172 2.00478e+06 0.0035
Spring 2117 167 173 1.14732e+06 0.0035
Spring 2118 167 174 2.22304e+06 0.0035
Spring 2119 168 170 1.79612e+06 0.0035
Spring 2120 168 171 2.01388e+06 0.0035
Spring 2121 168 172 1.14809e+06 0.0035
Spring 2122 168 173 1.44406e+06 0.0035
Spring 2123 169 171 1.54705e+06 0.0035
Spring 2124 169 172 1.97929e+06 0.0035
Spring 2125 169 173 1.07092e+06 0.0035
Spring 2126 169 174 1.19686e+06 0.0035
Spring 2127 170 171 1.2039e+06 0.0035
Spring 2128 170 173 989121 0.0035
Spring 2129 170 174 1.31666e+06 0.0035
Spring 2130 171 172 1.90352e+06 0.0035
Spring 2131 171 173 1.93532e+06 0.0035
Spring 2132 171 174 1.1535e+06 0.0035
Spring 2133 172 173 1.92219e+06 0.0035
Spring 2134 172 174 1.63775e+06 0.0035
Spring 2135 173 174 1.51151e+06 0.0035
