SIMULATION DUMP; Time: 0.061623, Springs: 7996, Masses: 2153
Start Length: 444.515, Start Energy: 4.94066e-324
Current Length: 3.41548e-69, Current Energy: 5.67785e-316
Mass 0 (-0.154104, 0.0373934, -0.00132665) (0, 0, 0) 0 
Mass 1 (0.00445676, -0.0265746, -0.00653807) (0, 0, 0) 0 
Mass 2 (-0.220929, 0.0530581, -0.000463143) (0, 0, 0) 2.61707e+06 
Mass 3 (0.00354666, 0.0219027, 0.0123994) (0, 0, 0) 2.475e+08 
Mass 4 (-0.219813, 0.052602, -0.0044393) (0, 0, 0) 0 
Mass 5 (0.00420696, -0.0239745, 0.0119507) (0, 0, 0) 0 
Mass 6 (-0.217631, 0.05636, 0.00326481) (0, 0, 0) 4.0376e-313 
Mass 7 (0.00322622, 0.0235147, -0.0129323) (0, 0, 0) 0.0114188 
Mass 8 (-0.219774, 0.0490192, 0.00287764) (0, 0, 0) 0.751223 
Mass 9 (0.0040127, -0.0237008, -0.0119148) (0, 0, 0) 2.122e-314 
Mass 10 (0.00419863, -0.0197056, 0.014523) (0, 0, 0) 0 
Mass 11 (-0.21817, 0.0561787, -0.00316999) (0, 0, 0) 4.0376e-313 
Mass 12 (0.00326738, 0.0258306, -0.00769397) (0, 0, 0) 0.0035 
Mass 13 (-0.218547, 0.0483522, -0.00207642) (0, 0, 0) 1.6082 
Mass 14 (0.00333503, -0.0271719, 4.05312e-06) (0, 0, 0) 0 
Mass 15 (-0.216555, 0.0511145, 0.00567703) (0, 0, 0) 0 
Mass 16 (0.00371151, -0.0185612, -0.0154562) (0, 0, 0) 2.30471e+06 
Mass 17 (-0.214549, 0.0574469, -0.00143744) (0, 0, 0) 2.475e+08 
Mass 18 (0.00321062, 0.0190138, 0.0153385) (0, 0, 0) 0 
Mass 19 (-0.216641, 0.0455333, 0.0010917) (0, 0, 0) 0 
Mass 20 (0.00297186, -0.0259176, 0.00824212) (0, 0, 0) 4.0376e-313 
Mass 21 (-0.214875, 0.0527846, -0.00622795) (0, 0, 0) 0.00676841 
Mass 22 (0.003428, 0.0173914, -0.0163526) (0, 0, 0) 0.525499 
Mass 23 (-0.211452, 0.0570393, 0.0017073) (0, 0, 0) 1.65316e-314 
Mass 24 (0.00351377, -0.0257453, 0.00418138) (0, 0, 0) nan 
Mass 25 (-0.214133, 0.0470732, -0.00450806) (0, 0, 0) 4.0376e-313 
Mass 26 (5.14072e-316, 5.14073e-316, 5.14073e-316) (0, 0, 0) 0.0035 
Mass 27 (0.00282113, 0.0271668, 0.00350614) (0, 0, 0) 1.80584 
Mass 28 (-0.215385, 0.0511509, -0.000455108) (0, 0, 0) nan 
Mass 29 (0.00128786, -0.0256848, -0.00931665) (0, 0, 0) 0 
Mass 30 (5.6813e-316, 5.68131e-316, 5.68057e-316) (0, 0, 0) 2.37585e+06 
Mass 31 (0.00404209, -0.013437, -0.0153571) (0, 0, 0) 2.475e+08 
Mass 32 (-0.211707, 0.0555578, -0.0042008) (0, 0, 0) 0 
Mass 33 (0.00312011, 0.0247019, 0.00820252) (0, 0, 0) nan 
Mass 34 (-0.212504, 0.0431522, 0.00283641) (0, 0, 0) 4.0376e-313 
Mass 35 (0.00445232, -0.0204663, 0.00945566) (0, 0, 0) 0.00887458 
Mass 36 (-0.211776, 0.0411147, -0.000625301) (0, 0, 0) 0.597257 
Mass 37 (0.00385493, -0.0236357, -0.00204163) (0, 0, 0) 2.1217e-314 
Mass 38 (-0.212273, 0.0469526, 0.00556763) (0, 0, 0) nan 
Mass 39 (0.00229287, 0.0275811, -0.00157714) (0, 0, 0) 4.0373e-313 
Mass 40 (-0.210528, 0.0483538, -0.00619553) (0, 0, 0) 0.0035 
Mass 41 (-0.000219733, -0.0216649, -0.0144024) (0, 0, 0) 1.39677 
Mass 42 (-0.211758, 0.0528792, -0.000200957) (0, 0, 0) nan 
Mass 43 (0.000404477, -0.0227097, 0.0126338) (0, 0, 0) 0 
Mass 44 (0.00350058, 0.0140881, 0.0159587) (0, 0, 0) 2.94309e+06 
Mass 45 (-0.211014, 0.0437219, -0.00378452) (0, 0, 0) 2.475e+08 
Mass 46 (0.00363931, -0.0224873, -0.00623552) (0, 0, 0) 0 
Mass 47 (5.6462e-316, 5.64638e-316, 5.6466e-316) (0, 0, 0) nan 
Mass 48 (0.000848398, 0.0202524, -0.014171) (0, 0, 0) 4.0376e-313 
Mass 49 (-0.208209, 0.0547409, 0.00285471) (0, 0, 0) 0.00577454 
Mass 50 (-0.000420973, -0.0268161, 0.00534448) (0, 0, 0) 1.49828 
Mass 51 (-0.212162, 0.0478882, -0.000319304) (0, 0, 0) 2.12164e-314 
Mass 52 (5.64719e-316, 5.64805e-316, 5.64827e-316) (0, 0, 0) 0 
Mass 53 (-0.207436, 0.0379192, -0.0022719) (0, 0, 0) 4.0376e-313 
Mass 54 (0.00401087, -0.00684566, -0.0152294) (0, 0, 0) 0.0035 
Mass 55 (-0.206998, 0.0555628, -0.00101763) (0, 0, 0) 1.82844 
Mass 56 (-0.00091204, -0.026756, -0.00444655) (0, 0, 0) nan 
Mass 57 (-0.208916, 0.0413787, 0.00322659) (0, 0, 0) 0 
Mass 58 (0.00354362, 0.0212315, 0.00334232) (0, 0, 0) 2.68674e+06 
Mass 59 (-0.206113, 0.0372, 0.00191645) (0, 0, 0) 2.475e+08 
Mass 60 (-0.00117719, -0.0251792, 0.00953465) (0, 0, 0) 0 
Mass 61 (-0.207093, 0.052352, -0.00419739) (0, 0, 0) nan 
Mass 62 (0.00306235, 0.0210225, -0.00625106) (0, 0, 0) 4.0376e-313 
Mass 63 (0.00298788, -0.0185175, -0.0112239) (0, 0, 0) 0.010491 
Mass 64 (-0.207543, 0.0457483, 0.00602658) (0, 0, 0) 0.857353 
Mass 65 (5.14172e-316, 5.14173e-316, 5.14173e-316) (0, 0, 0) 2.12177e-314 
Mass 66 (-0.206537, 0.0487253, -0.00617539) (0, 0, 0) nan 
Mass 67 (0.00382361, 0.00132008, -0.0157533) (0, 0, 0) 4.0376e-313 
Mass 68 (5.64619e-316, 5.6467e-316, 5.64685e-316) (0, 0, 0) 0.0035 
Mass 69 (0.00414188, -0.019451, 0.00519405) (0, 0, 0) 1.95831 
Mass 70 (-0.209099, 0.0448143, -0.000327853) (0, 0, 0) -2.33402e+307 
Mass 71 (-0.000974998, 0.0255344, -0.0096479) (0, 0, 0) 0 
Mass 72 (-0.202109, 0.0344465, 0.00103277) (0, 0, 0) 3.62757e+06 
Mass 73 (0.000257909, -0.0176632, 0.0150253) (0, 0, 0) 2.475e+08 
Mass 74 (-0.206034, 0.0440996, -0.00552286) (0, 0, 0) 0 
Mass 75 (0.00434965, -0.0180378, -0.00599594) (0, 0, 0) nan 
Mass 76 (-0.20615, 0.0515235, -0.000272896) (0, 0, 0) 4.0376e-313 
Mass 77 (0.00242576, 0.0168879, 0.0119536) (0, 0, 0) 0.0104715 
Mass 78 (5.14131e-316, 5.14132e-316, 5.14132e-316) (0, 0, 0) 0.954591 
Mass 79 (-0.00101128, -0.0260447, 0.00128615) (0, 0, 0) 2.11835e-314 
Mass 80 (-0.198453, 0.0309501, -0.000470495) (0, 0, 0) nan 
Mass 81 (0.00288478, 0.0122617, -0.0144111) (0, 0, 0) 4.03761e-313 
Mass 82 (-0.202551, 0.0535021, -0.00178942) (0, 0, 0) 0.0035 
Mass 83 (0.00382254, -0.0159605, 0.0104757) (0, 0, 0) 2.8706 
Mass 84 (-0.000694171, 0.0269181, -0.00421691) (0, 0, 0) nan 
Mass 85 (-0.204549, 0.0402857, 0.00472437) (0, 0, 0) 0 
Mass 86 (1.11258e-307, 1.27946e-307, 1.44635e-307) (0, 0, 0) 5.13294e+06 F
Mass 87 (-0.206102, 0.0478872, -0.00201079) (0, 0, 0) 2.475e+08 
Mass 88 (0.0025668, 0.00912441, 0.0157978) (0, 0, 0) 0 
Mass 89 (-0.203759, 0.0388728, -0.00423371) (0, 0, 0) -1.67317e+308 
Mass 90 (0.000921547, -0.0218272, 0.00789523) (0, 0, 0) 4.0376e-313 
Mass 91 (-0.205921, 0.045421, 0.00226797) (0, 0, 0) 0.00485995 
Mass 92 (0.00244489, 0.0163, -0.012375) (0, 0, 0) 0.925207 
Mass 93 (-0.205656, 0.0429082, -0.0010915) (0, 0, 0) 2.12127e-314 
Mass 94 (-0.00320983, -0.0237922, -0.00937751) (0, 0, 0) -1.78951e+308 
Mass 95 (-0.198249, 0.0538443, -0.000607464) (0, 0, 0) 4.0373e-313 
Mass 96 (0.00325428, 0.00453764, 0.0154349) (0, 0, 0) 0.0035 
Mass 97 (-0.198852, 0.0326551, 0.00318548) (0, 0, 0) 1.462 
Mass 98 (0.00413948, -0.0181939, -0.000275441) (0, 0, 0) -1.27595e+308 
Mass 99 (-0.202026, 0.0483508, -0.00578598) (0, 0, 0) 0 
Mass 100 (-0.000728369, 0.025417, 0.006305) (0, 0, 0) 4.35322e+06 
Mass 101 (-0.000746876, -0.0166607, -0.0146299) (0, 0, 0) 2.475e+08 
Mass 102 (-0.203027, 0.04933, 0.0016351) (0, 0, 0) 0 
Mass 103 (0.00368695, 0.00592032, -0.0139842) (0, 0, 0) -1.16293e+308 
Mass 104 (-0.20136, 0.0466867, 0.00613582) (0, 0, 0) 4.0376e-313 
Mass 105 (0.00075148, -0.0225653, 0.00268702) (0, 0, 0) 0.00739056 
Mass 106 (-0.200635, 0.0361222, -0.00308323) (0, 0, 0) -1.21767 
Mass 107 (0.0023378, 0.0193067, 0.00871376) (0, 0, 0) 2.12105e-314 
Mass 108 (2.41893e+13, 7.14683e+12, 7.14683e+12) (0, 0, 0) -2.75164e+306 
Mass 109 (-0.0047193, -0.0226794, 0.0121538) (0, 0, 0) 4.0376e-313 
Mass 110 (-0.194389, 0.0284892, 0.00206452) (0, 0, 0) 0.0035 
Mass 111 (-0.000826895, 0.0194298, 0.0147605) (0, 0, 0) 2.71177 
Mass 112 (-0.202741, 0.0393191, 0.000700228) (0, 0, 0) -8.90001e+307 
Mass 113 (-0.00530115, -0.0259033, -0.00550134) (0, 0, 0) 0 
Mass 114 (-0.197628, 0.051493, -0.00382871) (0, 0, 0) 2.85262e+06 
Mass 115 (-0.00154188, 0.0240365, 0.0106304) (0, 0, 0) 2.475e+08 
Mass 116 (-0.202217, 0.0428505, -0.00390212) (0, 0, 0) 0 
Mass 117 (-0.00515665, -0.0264774, 0.000375364) (0, 0, 0) -9.65589e+306 
Mass 118 (-0.193332, 0.0277063, -0.00179968) (0, 0, 0) 4.0376e-313 
Mass 119 (0.00116402, -0.010471, -0.0145832) (0, 0, 0) 0.00752366 
Mass 120 (-0.199935, 0.0497946, -0.000961038) (0, 0, 0) -0.773726 
Mass 121 (0.00290248, 0.0198166, -0.00229843) (0, 0, 0) 2.12082e-314 
Mass 122 (0.000258282, -0.0203296, -0.00743955) (0, 0, 0) -1.00149e+308 
Mass 123 (-0.19968, 0.037524, 0.00506068) (0, 0, 0) 4.0376e-313 
Mass 124 (0.00396277, -0.0148489, 0.00543272) (0, 0, 0) 0.0035 
Mass 125 (-0.201853, 0.0454683, 0.00113565) (0, 0, 0) 1.35722 
Mass 126 (-0.00160199, 0.0268368, 0.00206983) (0, 0, 0) -6.92498e+307 
Mass 127 (0.00305327, 0.00298035, 0.00235187) (0, 0, 0) 0 F
Mass 128 (-0.00470206, -0.0252067, 0.005662) (0, 0, 0) 2.14211e+06 
Mass 129 (-0.198799, 0.0446069, -0.00619249) (0, 0, 0) 2.475e+08 
Mass 130 (-0.000564799, 0.0151653, -0.0160346) (0, 0, 0) 0 
Mass 131 (-0.188449, 0.0241898, 0.00124188) (0, 0, 0) -2.75164e+306 
Mass 132 (0.00335854, -0.00697133, 0.0126789) (0, 0, 0) 4.0376e-313 
Mass 133 (-0.199915, 0.0427976, 0.00364815) (0, 0, 0) 0.00885849 
Mass 134 (0.00421745, -0.0140716, -0.00422812) (0, 0, 0) -0.432379 
Mass 135 (-0.198445, 0.0397514, -0.00499158) (0, 0, 0) 2.12059e-314 
Mass 136 (0.0032073, 0.0122476, 0.0113419) (0, 0, 0) -3.59024e+307 
Mass 137 (-0.197309, 0.046884, 0.00467605) (0, 0, 0) 4.0376e-313 
Mass 138 (-0.000285909, -0.0220199, -0.00365762) (0, 0, 0) 0.0035 
Mass 139 (-0.193162, 0.0516108, -0.00216615) (0, 0, 0) 3.14092 
Mass 140 (0.000963241, 0.023167, -0.000438742) (0, 0, 0) -2.75164e+306 
Mass 141 (-0.00411841, -0.0194577, -0.0139959) (0, 0, 0) 0 
Mass 142 (-0.198868, 0.0376757, 0.000617782) (0, 0, 0) 2.02469e+06 
Mass 143 (-0.00372921, -0.0191135, 0.0140358) (0, 0, 0) 2.475e+08 
Mass 144 (-0.189656, 0.0260939, -0.00339646) (0, 0, 0) 0 
Mass 145 (0.00328569, 0.0146869, -0.00832551) (0, 0, 0) -2.88582e+307 
Mass 146 (-0.196699, 0.035411, -0.00401673) (0, 0, 0) 4.0376e-313 
Mass 147 (0.00379415, 0.00126872, 0.0126261) (0, 0, 0) 0.011323 
Mass 148 (-0.196639, 0.0475974, -0.00230834) (0, 0, 0) -0.663289 
Mass 149 (0.00345565, -0.00890407, -0.0100324) (0, 0, 0) 2.12037e-314 F
Mass 150 (-0.194571, 0.0315988, -0.00309579) (0, 0, 0) -2.46393e+307 
Mass 151 (0.00356276, 0.0169489, 0.00451894) (0, 0, 0) 4.0376e-313 
Mass 152 (-0.195757, 0.0423558, 0.00618192) (0, 0, 0) 0.0035 
Mass 153 (5.64619e-316, 5.64619e-316, 5.6462e-316) (0, 0, 0) 1.67129 
Mass 154 (-0.198074, 0.0417413, -0.000414103) (0, 0, 0) -2.47779e+307 
Mass 155 (0.00339271, 0.00999666, -0.0108237) (0, 0, 0) 0 
Mass 156 (-0.184922, 0.0225861, 0.00241391) (0, 0, 0) 3.22827e+06 
Mass 157 (0.00390945, -0.0143034, 0.000990732) (0, 0, 0) 2.475e+08 
Mass 158 (-0.189431, 0.0511145, 0.00213237) (0, 0, 0) 0 
Mass 159 (0.00333162, 0.0152412, 0.00814041) (0, 0, 0) -2.07353e+307 
Mass 160 (-0.195214, 0.0422451, -0.00584062) (0, 0, 0) 4.0376e-313 
Mass 161 (0.00303592, -0.00433107, -0.0119174) (0, 0, 0) 0.00476421 
Mass 162 (-0.194791, 0.0341201, 0.00355924) (0, 0, 0) 0.915544 
Mass 163 (5.71076e-316, 5.71076e-316, 5.71077e-316) (0, 0, 0) 2.11835e-314 
Mass 164 (-0.193201, 0.0477686, 0.00370179) (0, 0, 0) -1.93226e+307 
Mass 165 (0.00350948, 0.00215853, -0.011791) (0, 0, 0) 4.0376e-313 
Mass 166 (-0.188901, 0.0506636, -0.0026901) (0, 0, 0) 0.0035 
Mass 167 (0.00291669, -0.01174, 0.00838755) (0, 0, 0) 1.06812 
Mass 168 (-0.195421, 0.0386393, 0.00402165) (0, 0, 0) -1.79154e+307 
Mass 169 (-0.00372936, -0.0230794, -0.00165864) (0, 0, 0) 0 
Mass 170 (-0.00363921, 0.0224289, -0.0121666) (0, 0, 0) 1.97219e+06 
Mass 171 (-0.181226, 0.0205492, -0.00396199) (0, 0, 0) 2.475e+08 
Mass 172 (-0.000368103, -0.0161658, -0.0100331) (0, 0, 0) 0 
Mass 173 (-0.193069, 0.0454845, -0.00468778) (0, 0, 0) -1.58005e+307 
Mass 174 (0.00379273, 0.0103653, 0.00784362) (0, 0, 0) 4.0376e-313 F
Mass 175 (-0.19374, 0.0376549, -0.00581056) (0, 0, 0) 0.00920127 
Mass 176 (-0.00295423, -0.0212194, 0.00651513) (0, 0, 0) -0.441276 
Mass 177 (-0.19464, 0.0347166, -0.000582024) (0, 0, 0) 2.11958e-314 
Mass 178 (-0.000658602, 0.0202101, -0.00949603) (0, 0, 0) -1.36856e+307 
Mass 179 (-0.190164, 0.0292237, 0.00332565) (0, 0, 0) 4.0376e-313 
Mass 180 (2.52202e+18, 1.90953e+18, 1.90953e+18) (0, 0, 0) 0.0035 
Mass 181 (2.08604e-308, 2.50324e-308, 2.78138e-308) (0, 0, 0) 1.39619 
Mass 182 (0.00321056, 0.0159868, 0.000493582) (0, 0, 0) -1.29806e+307 
Mass 183 (-0.184701, 0.023491, -0.00371226) (0, 0, 0) 0 
Mass 184 (9.43393e-05, -0.00500065, 0.0158074) (0, 0, 0) 1.97026e+06 
Mass 185 (-0.195027, 0.0389172, -0.000712499) (0, 0, 0) 2.475e+08 
Mass 186 (-0.00655727, -0.0209247, -0.0110667) (0, 0, 0) 0 
Mass 187 (-0.190806, 0.0477129, -0.000684023) (0, 0, 0) -1.15706e+307 
Mass 188 (5.71093e-316, 5.71093e-316, 5.71094e-316) (0, 0, 0) 4.0376e-313 
Mass 189 (-0.189505, 0.0299748, -0.00476329) (0, 0, 0) 0.0110619 
Mass 190 (0.0037127, 0.011455, -0.0056828) (0, 0, 0) 1.28761 
Mass 191 (-0.191578, 0.040438, 0.00597497) (0, 0, 0) 2.11936e-314 
Mass 192 (0.00402816, -0.0087216, -0.00472994) (0, 0, 0) -1.03456e+307 
Mass 193 (-0.178487, 0.0189024, 0.00411698) (0, 0, 0) 4.0373e-313 
Mass 194 (-0.000566214, 0.0134124, 0.0145828) (0, 0, 0) 0.0035 
Mass 195 (-0.00875929, -0.0239115, -0.00702596) (0, 0, 0) 1.89338 
Mass 196 (-0.184274, 0.0498205, 0.00279074) (0, 0, 0) -9.64203e+306 
Mass 197 (5.71033e-316, 5.71034e-316, 5.71035e-316) (0, 0, 0) 0 
Mass 198 (-0.191163, 0.0310036, -0.000338793) (0, 0, 0) 2.36115e+06 
Mass 199 (-0.00291212, 0.0186402, -0.0137919) (0, 0, 0) 2.475e+08 
Mass 200 (-0.184183, 0.0498318, -0.00263949) (0, 0, 0) 0 
Mass 201 (-0.00858687, -0.0246705, 0.00367853) (0, 0, 0) -8.93569e+306 
Mass 202 (-0.190758, 0.0356932, 0.00583765) (0, 0, 0) 4.0376e-313 
Mass 203 (0.00333071, 0.00558884, 0.00974184) (0, 0, 0) 0.00466381 F
Mass 204 (-0.192027, 0.0433357, -0.00126944) (0, 0, 0) -0.863023 
Mass 205 (-0.0105484, -0.0255661, -0.00127698) (0, 0, 0) 2.11835e-314 
Mass 206 (-0.181609, 0.0207333, 0.000100197) (0, 0, 0) -2.75164e+306 
Mass 207 (-0.00352439, 0.0236258, -0.00697216) (0, 0, 0) 4.0376e-313 
Mass 208 (-0.18835, 0.0453135, 0.00540628) (0, 0, 0) 0.0035 
Mass 209 (0.00354956, -0.00974818, 0.00309502) (0, 0, 0) 1.25631 F
Mass 210 (-0.190165, 0.0342639, -0.00559997) (0, 0, 0) 1.81985e+34 
Mass 211 (-0.000492707, -0.0183193, -0.00165141) (0, 0, 0) 0 
Mass 212 (-0.190005, 0.0412571, -0.00578852) (0, 0, 0) 4.72651e+06 
Mass 213 (0.00397699, -0.0014642, -0.00657506) (0, 0, 0) 2.475e+08 
Mass 214 (-0.187721, 0.045669, -0.0038539) (0, 0, 0) 0 
Mass 215 (-0.00230567, 0.0201148, 0.0102515) (0, 0, 0) 1.72723e-77 
Mass 216 (-0.18782, 0.0280319, 0.000278808) (0, 0, 0) 4.0376e-313 
Mass 217 (-0.000967264, -0.0060802, -0.0150466) (0, 0, 0) 0.00864246 
Mass 218 (-0.191756, 0.0391324, 0.00182858) (0, 0, 0) 1.03374 
Mass 219 (0.00335731, -0.0105884, -0.000955578) (0, 0, 0) 1.49203e-315 F
Mass 220 (0.000126973, -0.000196692, 0.0154305) (0, 0, 0) 1.62597e-260 
Mass 221 (-0.175977, 0.0169132, -0.00133239) (0, 0, 0) 4.0376e-313 
Mass 222 (-0.0102537, -0.0234128, 0.00885912) (0, 0, 0) 0.0035 
Mass 223 (-0.191182, 0.0379907, -0.00207326) (0, 0, 0) 1.44169 
Mass 224 (-0.00487463, 0.0244836, 0.00757979) (0, 0, 0) 0 
Mass 225 (-0.188306, 0.0446892, 0.000520408) (0, 0, 0) 0 
Mass 226 (-0.00499055, -0.0223486, 0.00226063) (0, 0, 0) 2.74181e+06 
Mass 227 (-0.174559, 0.0166675, 0.0035574) (0, 0, 0) 2.475e+08 
Mass 228 (0.00373563, 0.0102924, -0.0017553) (0, 0, 0) 0 F
Mass 229 (-0.187979, 0.0376727, -0.00616297) (0, 0, 0) 0 
Mass 230 (-0.000614718, -0.000958214, -0.0154289) (0, 0, 0) 4.0376e-313 
Mass 231 (-0.180905, 0.0223964, 0.00437415) (0, 0, 0) 0.0111166 
Mass 232 (-0.00314826, 0.0239395, -0.00270067) (0, 0, 0) 0.359446 
Mass 233 (-0.187107, 0.0411076, 0.00526742) (0, 0, 0) 0 
Mass 234 (-0.00383087, -0.0124143, -0.0148939) (0, 0, 0) 0 
Mass 235 (-0.184787, 0.0458391, 0.0024765) (0, 0, 0) 4.0376e-313 
Mass 236 (4.97699e-05, -0.0111606, -0.0104013) (0, 0, 0) 0.0035 
Mass 237 (-0.187378, 0.0319983, 0.00427755) (0, 0, 0) 1.66663 
Mass 238 (-0.00136027, 0.0212008, 0.00473101) (0, 0, 0) -4.16173e-135 
Mass 239 (-0.180633, 0.0475891, 0.00431187) (0, 0, 0) 0 
Mass 240 (0.00382026, -0.00476632, 0.00385941) (0, 0, 0) 4.07561e+06 
Mass 241 (-0.172281, 0.014603, 0.000338024) (0, 0, 0) 2.475e+08 
Mass 242 (0.00114837, 0.0164231, -0.00502939) (0, 0, 0) 0 
Mass 243 (-0.184816, 0.0278576, 0.00488873) (0, 0, 0) 0 
Mass 244 (-0.00518325, -0.0202895, -0.00693568) (0, 0, 0) 4.0376e-313 
Mass 245 (-0.182054, 0.0464744, -0.00412115) (0, 0, 0) 0.00512311 
Mass 246 (-0.008654, -0.0204768, 0.0112777) (0, 0, 0) -1.0567 
Mass 247 (-0.00547786, 0.0262673, 0.00118258) (0, 0, 0) 1.95684e-314 
